4
4
05732 150.000000 150.000000 150.000000
05733 150.000000 150.000000 150.000000
05736 150.000000 150.000000 150.000000
05737 150.000000 150.000000 150.000000
05751 150.000000 150.000000 150.000000
05753 150.000000 150.000000 150.000000
05755 150.000000 150.000000 150.000000
05757 150.000000 150.000000 150.000000
05771 150.000000 150.000000 150.000000
05772 150.000000 150.000000 150.000000
05773 150.000000 150.000000 150.000000
05774 150.000000 150.000000 150.000000
05775 150.000000 150.000000 150.000000
05776 150.000000 150.000000 150.000000
05777 150.000000 150.000000 150.000000
07154 150.000000 150.000000 150.000000
07155 150.000000 150.000000 150.000000
07277 150.000000 150.000000 150.000000
07362 150.000000 150.000000 150.000000
07363 150.000000 150.000000 150.000000
07366 150.000000 150.000000 150.000000
07367 150.000000 150.000000 150.000000
07372 150.000000 150.000000 150.000000
07373 150.000000 150.000000 150.000000
07376 150.000000 150.000000 150.000000
07377 150.000000 150.000000 150.000000
07510 150.000000 150.000000 150.000000
07511 150.000000 150.000000 150.000000
07514 150.000000 150.000000 150.000000
07515 150.000000 150.000000 150.000000
07517 150.000000 150.000000 150.000000
07550 150.000000 150.000000 150.000000
07551 150.000000 150.000000 150.000000
07552 150.000000 150.000000 150.000000
07553 150.000000 150.000000 150.000000
07554 150.000000 150.000000 150.000000
07555 150.000000 150.000000 150.000000
07556 150.000000 150.000000 150.000000
07557 150.000000 150.000000 150.000000
07571 150.000000 150.000000 150.000000
07575 150.000000 150.000000 150.000000
07577 150.000000 150.000000 150.000000
07632 150.000000 150.000000 150.000000
07633 150.000000 150.000000 150.000000
07636 150.000000 150.000000 150.000000
07637 150.000000 150.000000 150.000000
07672 150.000000 150.000000 150.000000
07673 150.000000 150.000000 150.000000
07676 150.000000 150.000000 150.000000
07677 150.000000 150.000000 150.000000
07722 150.000000 150.000000 150.000000
07723 150.000000 150.000000 150.000000
07726 150.000000 150.000000 150.000000
07727 150.000000 150.000000 150.000000
07732 150.000000 150.000000 150.000000
07733 150.000000 150.000000 150.000000
07736 150.000000 150.000000 150.000000
07737 150.000000 150.000000 150.000000
07753 150.000000 150.000000 150.000000
07755 150.000000 150.000000 150.000000
07757 150.000000 150.000000 150.000000
07762 150.000000 150.000000 150.000000
07763 150.000000 150.000000 150.000000
07766 150.000000 150.000000 150.000000
07767 150.000000 150.000000 150.000000
07771 150.000000 150.000000 150.000000
07772 150.000000 150.000000 150.000000
07773 150.000000 150.000000 150.000000
07775 150.000000 150.000000 150.000000
07776 150.000000 150.000000 150.000000
07777 150.000000 150.000000 150.000000
14622 150.000000 150.000000 150.000000
14626 150.000000 150.000000 150.000000
14640 150.000000 150.000000 150.000000
14642 150.000000 150.000000 150.000000
14644 150.000000 150.000000 150.000000
14646 150.000000 150.000000 150.000000
14647 150.000000 150.000000 150.000000
14660 150.000000 150.000000 150.000000
14662 150.000000 150.000000 150.000000
14664 150.000000 150.000000 150.000000
14665 150.000000 150.000000 150.000000
14666 150.000000 150.000000 150.000000
14667 150.000000 150.000000 150.000000
16262 150.000000 150.000000 150.000000
16263 150.000000 150.000000 150.000000
16266 150.000000 150.000000 150.000000
16267 150.000000 150.000000 150.000000
16272 150.000000 150.000000 150.000000
16273 150.000000 150.000000 150.000000
16276 150.000000 150.000000 150.000000
16277 150.000000 150.000000 150.000000
16366 150.000000 150.000000 150.000000
16400 150.000000 150.000000 150.000000
16404 150.000000 150.000000 150.000000
16406 150.000000 150.000000 150.000000
16440 150.000000 150.000000 150.000000
16441 150.000000 150.000000 150.000000
16442 150.000000 150.000000 150.000000
16443 150.000000 150.000000 150.000000
16444 150.000000 150.000000 150.000000
16445 150.000000 150.000000 150.000000
16446 150.000000 150.000000 150.000000
16447 150.000000 150.000000 150.000000
16460 150.000000 150.000000 150.000000
16461 150.000000 150.000000 150.000000
16462 150.000000 150.000000 150.000000
16464 150.000000 150.000000 150.000000
16465 150.000000 150.000000 150.000000
16466 150.000000 150.000000 150.000000
16467 150.000000 150.000000 150.000000
16622 150.000000 150.000000 150.000000
16623 150.000000 150.000000 150.000000
16626 150.000000 150.000000 150.000000
16627 150.000000 150.000000 150.000000
16632 150.000000 150.000000 150.000000
16633 150.000000 150.000000 150.000000
16636 150.000000 150.000000 150.000000
16637 150.000000 150.000000 150.000000
16642 150.000000 150.000000 150.000000
16644 150.000000 150.000000 150.000000
16645 150.000000 150.000000 150.000000
16646 150.000000 150.000000 150.000000
16660 150.000000 150.000000 150.000000
16662 150.000000 150.000000 150.000000
16663 150.000000 150.000000 150.000000
16664 150.000000 150.000000 150.000000
16666 150.000000 150.000000 150.000000
16667 150.000000 150.000000 150.000000
16672 150.000000 150.000000 150.000000
16673 150.000000 150.000000 150.000000
16676 150.000000 150.000000 150.000000
16677 150.000000 150.000000 150.000000
16722 150.000000 150.000000 150.000000
16723 150.000000 150.000000 150.000000
16726 150.000000 150.000000 150.000000
16727 150.000000 150.000000 150.000000
16762 150.000000 150.000000 150.000000
16763 150.000000 150.000000 150.000000
16766 150.000000 150.000000 150.000000
16767 150.000000 150.000000 150.000000
25055 150.000000 150.000000 150.000000
25140 150.000000 150.000000 150.000000
25141 150.000000 150.000000 150.000000
25144 150.000000 150.000000 150.000000
25150 150.000000 150.000000 150.000000
25151 150.000000 150.000000 150.000000
25410 150.000000 150.000000 150.000000
25411 150.000000 150.000000 150.000000
25414 150.000000 150.000000 150.000000
25450 150.000000 150.000000 150.000000
25454 150.000000 150.000000 150.000000
34040 150.000000 150.000000 150.000000
34041 150.000000 150.000000 150.000000
34050 150.000000 150.000000 150.000000
34051 150.000000 150.000000 150.000000
34055 150.000000 150.000000 150.000000
34144 150.000000 150.000000 150.000000
34500 150.000000 150.000000 150.000000
34501 150.000000 150.000000 150.000000
34505 150.000000 150.000000 150.000000
34541 150.000000 150.000000 150.000000
34545 150.000000 150.000000 150.000000
41313 150.000000 150.000000 150.000000
41317 150.000000 150.000000 150.000000
41330 150.000000 150.000000 150.000000
41331 150.000000 150.000000 150.000000
41333 150.000000 150.000000 150.000000
41335 150.000000 150.000000 150.000000
41337 150.000000 150.000000 150.000000
41351 150.000000 150.000000 150.000000
41353 150.000000 150.000000 150.000000
41355 150.000000 150.000000 150.000000
41357 150.000000 150.000000 150.000000
41533 150.000000 150.000000 150.000000
41537 150.000000 150.000000 150.000000
41711 150.000000 150.000000 150.000000
43110 150.000000 150.000000 150.000000
43111 150.000000 150.000000 150.000000
43112 150.000000 150.000000 150.000000
43113 150.000000 150.000000 150.000000
43115 150.000000 150.000000 150.000000
43116 150.000000 150.000000 150.000000
43117 150.000000 150.000000 150.000000
43131 150.000000 150.000000 150.000000
43133 150.000000 150.000000 150.000000
43135 150.000000 150.000000 150.000000
43171 150.000000 150.000000 150.000000
43173 150.000000 150.000000 150.000000
43175 150.000000 150.000000 150.000000
43177 150.000000 150.000000 150.000000
43232 150.000000 150.000000 150.000000
43233 150.000000 150.000000 150.000000
43236 150.000000 150.000000 150.000000
43237 150.000000 150.000000 150.000000
43272 150.000000 150.000000 150.000000
43273 150.000000 150.000000 150.000000
43276 150.000000 150.000000 150.000000
43277 150.000000 150.000000 150.000000
43311 150.000000 150.000000 150.000000
43313 150.000000 150.000000 150.000000
43315 150.000000 150.000000 150.000000
43317 150.000000 150.000000 150.000000
43322 150.000000 150.000000 150.000000
43323 150.000000 150.000000 150.000000
43326 150.000000 150.000000 150.000000
43327 150.000000 150.000000 150.000000
43331 150.000000 150.000000 150.000000
43332 150.000000 150.000000 150.000000
43333 150.000000 150.000000 150.000000
43335 150.000000 150.000000 150.000000
43336 150.000000 150.000000 150.000000
43337 150.000000 150.000000 150.000000
43362 150.000000 150.000000 150.000000
43363 150.000000 150.000000 150.000000
43366 150.000000 150.000000 150.000000
43367 150.000000 150.000000 150.000000
43372 150.000000 150.000000 150.000000
43373 150.000000 150.000000 150.000000
43376 150.000000 150.000000 150.000000
43377 150.000000 150.000000 150.000000
43533 150.000000 150.000000 150.000000
43633 150.000000 150.000000 150.000000
43711 150.000000 150.000000 150.000000
43715 150.000000 150.000000 150.000000
43722 150.000000 150.000000 150.000000
43723 150.000000 150.000000 150.000000
43726 150.000000 150.000000 150.000000
43727 150.000000 150.000000 150.000000
43732 150.000000 150.000000 150.000000
43733 150.000000 150.000000 150.000000
43736 150.000000 150.000000 150.000000
43737 150.000000 150.000000 150.000000
50200 150.000000 150.000000 150.000000
50202 150.000000 150.000000 150.000000
50203 150.000000 150.000000 150.000000
50204 150.000000 150.000000 150.000000
50206 150.000000 150.000000 150.000000
50220 150.000000 150.000000 150.000000
50221 150.000000 150.000000 150.000000
50222 150.000000 150.000000 150.000000
50223 150.000000 150.000000 150.000000
50224 150.000000 150.000000 150.000000
50226 150.000000 150.000000 150.000000
50227 150.000000 150.000000 150.000000
50262 150.000000 150.000000 150.000000
50263 150.000000 150.000000 150.000000
50266 150.000000 150.000000 150.000000
50267 150.000000 150.000000 150.000000
50272 150.000000 150.000000 150.000000
50422 150.000000 150.000000 150.000000
50426 150.000000 150.000000 150.000000
50462 150.000000 150.000000 150.000000
50622 150.000000 150.000000 150.000000
50623 150.000000 150.000000 150.000000
50626 150.000000 150.000000 150.000000
50627 150.000000 150.000000 150.000000
50640 150.000000 150.000000 150.000000
50642 150.000000 150.000000 150.000000
50646 150.000000 150.000000 150.000000
50662 150.000000 150.000000 150.000000
50663 150.000000 150.000000 150.000000
50664 150.000000 150.000000 150.000000
50666 150.000000 150.000000 150.000000
52000 150.000000 150.000000 150.000000
52001 150.000000 150.000000 150.000000
52003 150.000000 150.000000 150.000000
52004 150.000000 150.000000 150.000000
52005 150.000000 150.000000 150.000000
52006 150.000000 150.000000 150.000000
52007 150.000000 150.000000 150.000000
52010 150.000000 150.000000 150.000000
52014 150.000000 150.000000 150.000000
52016 150.000000 150.000000 150.000000
52020 150.000000 150.000000 150.000000
52021 150.000000 150.000000 150.000000
52022 150.000000 150.000000 150.000000
52023 150.000000 150.000000 150.000000
52024 150.000000 150.000000 150.000000
52025 150.000000 150.000000 150.000000
52026 150.000000 150.000000 150.000000
52027 150.000000 150.000000 150.000000
52040 150.000000 150.000000 150.000000
52041 150.000000 150.000000 150.000000
52042 150.000000 150.000000 150.000000
52043 150.000000 150.000000 150.000000
52044 150.000000 150.000000 150.000000
52045 150.000000 150.000000 150.000000
52050 150.000000 150.000000 150.000000
52200 150.000000 150.000000 150.000000
52201 150.000000 150.000000 150.000000
52202 150.000000 150.000000 150.000000
52204 150.000000 150.000000 150.000000
52206 150.000000 150.000000 150.000000
52220 150.000000 150.000000 150.000000
52222 150.000000 150.000000 150.000000
52223 150.000000 150.000000 150.000000
52224 150.000000 150.000000 150.000000
52226 150.000000 150.000000 150.000000
52227 150.000000 150.000000 150.000000
52232 150.000000 150.000000 150.000000
52233 150.000000 150.000000 150.000000
52236 150.000000 150.000000 150.000000
52237 150.000000 150.000000 150.000000
52262 150.000000 150.000000 150.000000
52263 150.000000 150.000000 150.000000
52266 150.000000 150.000000 150.000000
52267 150.000000 150.000000 150.000000
52272 150.000000 150.000000 150.000000
52273 150.000000 150.000000 150.000000
52276 150.000000 150.000000 150.000000
52277 150.000000 150.000000 150.000000
52322 150.000000 150.000000 150.000000
52323 150.000000 150.000000 150.000000
52326 150.000000 150.000000 150.000000
52327 150.000000 150.000000 150.000000
52362 150.000000 150.000000 150.000000
52363 150.000000 150.000000 150.000000
52366 150.000000 150.000000 150.000000
52367 150.000000 150.000000 150.000000
52400 150.000000 150.000000 150.000000
52401 150.000000 150.000000 150.000000
52404 150.000000 150.000000 150.000000
52405 150.000000 150.000000 150.000000
52440 150.000000 150.000000 150.000000
52441 150.000000 150.000000 150.000000
52444 150.000000 150.000000 150.000000
52446 150.000000 150.000000 150.000000
52460 150.000000 150.000000 150.000000
52462 150.000000 150.000000 150.000000
52464 150.000000 150.000000 150.000000
52466 150.000000 150.000000 150.000000
52604 150.000000 150.000000 150.000000
52606 150.000000 150.000000 150.000000
52622 150.000000 150.000000 150.000000
52623 150.000000 150.000000 150.000000
52626 150.000000 150.000000 150.000000
52627 150.000000 150.000000 150.000000
52632 150.000000 150.000000 150.000000
52633 150.000000 150.000000 150.000000
52636 150.000000 150.000000 150.000000
52637 150.000000 150.000000 150.000000
52640 150.000000 150.000000 150.000000
52642 150.000000 150.000000 150.000000
52722 150.000000 150.000000 150.000000
61010 150.000000 150.000000 150.000000
61014 150.000000 150.000000 150.000000
61050 150.000000 150.000000 150.000000
61054 150.000000 150.000000 150.000000
61055 150.000000 150.000000 150.000000
61411 150.000000 150.000000 150.000000
61500 150.000000 150.000000 150.000000
61504 150.000000 150.000000 150.000000
61505 150.000000 150.000000 150.000000
61514 150.000000 150.000000 150.000000
61515 150.000000 150.000000 150.000000
70101 150.000000 150.000000 150.000000
70105 150.000000 150.000000 150.000000
70141 150.000000 150.000000 150.000000
70144 150.000000 150.000000 150.000000
70145 150.000000 150.000000 150.000000
70404 150.000000 150.000000 150.000000
70405 150.000000 150.000000 150.000000
70411 150.000000 150.000000 150.000000
70414 150.000000 150.000000 150.000000
70415 150.000000 150.000000 150.000000
70500 150.000000 150.000000 150.000000