10
4
00766 150.000000 150.000000 150.000000
00767 150.000000 150.000000 150.000000
00776 150.000000 150.000000 150.000000
00777 150.000000 150.000000 150.000000
01666 150.000000 150.000000 150.000000
01667 150.000000 150.000000 150.000000
01676 150.000000 150.000000 150.000000
01677 150.000000 150.000000 150.000000
01766 150.000000 150.000000 150.000000
01767 150.000000 150.000000 150.000000
01776 150.000000 150.000000 150.000000
01777 150.000000 150.000000 150.000000
02544 150.000000 150.000000 150.000000
02545 150.000000 150.000000 150.000000
02554 150.000000 150.000000 150.000000
02555 150.000000 150.000000 150.000000
03444 150.000000 150.000000 150.000000
03445 150.000000 150.000000 150.000000
03454 150.000000 150.000000 150.000000
03455 150.000000 150.000000 150.000000
03544 150.000000 150.000000 150.000000
03545 150.000000 150.000000 150.000000
03554 150.000000 150.000000 150.000000
03555 150.000000 150.000000 150.000000
04167 150.000000 150.000000 150.000000
04176 150.000000 150.000000 150.000000
04177 150.000000 150.000000 150.000000
04306 150.000000 150.000000 150.000000
04307 150.000000 150.000000 150.000000
04316 150.000000 150.000000 150.000000
04317 150.000000 150.000000 150.000000
04320 150.000000 150.000000 150.000000
04321 150.000000 150.000000 150.000000
04322 150.000000 150.000000 150.000000
04323 150.000000 150.000000 150.000000
04324 150.000000 150.000000 150.000000
04325 150.000000 150.000000 150.000000
04327 150.000000 150.000000 150.000000
04330 150.000000 150.000000 150.000000
04331 150.000000 150.000000 150.000000
04332 150.000000 150.000000 150.000000
04333 150.000000 150.000000 150.000000
04334 150.000000 150.000000 150.000000
04335 150.000000 150.000000 150.000000
04336 150.000000 150.000000 150.000000
04337 150.000000 150.000000 150.000000
04340 150.000000 150.000000 150.000000
04341 150.000000 150.000000 150.000000
04342 150.000000 150.000000 150.000000
04343 150.000000 150.000000 150.000000
04345 150.000000 150.000000 150.000000
04347 150.000000 150.000000 150.000000
04350 150.000000 150.000000 150.000000
04351 150.000000 150.000000 150.000000
04352 150.000000 150.000000 150.000000
04353 150.000000 150.000000 150.000000
04354 150.000000 150.000000 150.000000
04355 150.000000 150.000000 150.000000
04357 150.000000 150.000000 150.000000
04361 150.000000 150.000000 150.000000
04363 150.000000 150.000000 150.000000
04365 150.000000 150.000000 150.000000
04367 150.000000 150.000000 150.000000
04370 150.000000 150.000000 150.000000
04371 150.000000 150.000000 150.000000
04372 150.000000 150.000000 150.000000
04373 150.000000 150.000000 150.000000
04374 150.000000 150.000000 150.000000
04375 150.000000 150.000000 150.000000
04376 150.000000 150.000000 150.000000
04377 150.000000 150.000000 150.000000
04516 150.000000 150.000000 150.000000
04517 150.000000 150.000000 150.000000
04521 150.000000 150.000000 150.000000
04523 150.000000 150.000000 150.000000
04525 150.000000 150.000000 150.000000
04530 150.000000 150.000000 150.000000
04531 150.000000 150.000000 150.000000
04532 150.000000 150.000000 150.000000
04533 150.000000 150.000000 150.000000
04534 150.000000 150.000000 150.000000
04535 150.000000 150.000000 150.000000
04536 150.000000 150.000000 150.000000
04537 150.000000 150.000000 150.000000
04550 150.000000 150.000000 150.000000
04551 150.000000 150.000000 150.000000
04552 150.000000 150.000000 150.000000
04553 150.000000 150.000000 150.000000
04554 150.000000 150.000000 150.000000
04555 150.000000 150.000000 150.000000
04556 150.000000 150.000000 150.000000
04557 150.000000 150.000000 150.000000
04570 150.000000 150.000000 150.000000
04571 150.000000 150.000000 150.000000
04572 150.000000 150.000000 150.000000
04574 150.000000 150.000000 150.000000
04575 150.000000 150.000000 150.000000
04576 150.000000 150.000000 150.000000
04701 150.000000 150.000000 150.000000
04703 150.000000 150.000000 150.000000
04705 150.000000 150.000000 150.000000
04707 150.000000 150.000000 150.000000
04710 150.000000 150.000000 150.000000
04711 150.000000 150.000000 150.000000
04714 150.000000 150.000000 150.000000
04716 150.000000 150.000000 150.000000
04721 150.000000 150.000000 150.000000
04723 150.000000 150.000000 150.000000
04725 150.000000 150.000000 150.000000
04727 150.000000 150.000000 150.000000
04730 150.000000 150.000000 150.000000
04731 150.000000 150.000000 150.000000
04732 150.000000 150.000000 150.000000
04733 150.000000 150.000000 150.000000
04734 150.000000 150.000000 150.000000
04735 150.000000 150.000000 150.000000
04736 150.000000 150.000000 150.000000
04737 150.000000 150.000000 150.000000
04741 150.000000 150.000000 150.000000
04743 150.000000 150.000000 150.000000
04745 150.000000 150.000000 150.000000
04747 150.000000 150.000000 150.000000
04750 150.000000 150.000000 150.000000
04752 150.000000 150.000000 150.000000
04754 150.000000 150.000000 150.000000
04761 150.000000 150.000000 150.000000
04763 150.000000 150.000000 150.000000
04765 150.000000 150.000000 150.000000
04767 150.000000 150.000000 150.000000
04770 150.000000 150.000000 150.000000
04771 150.000000 150.000000 150.000000
04772 150.000000 150.000000 150.000000
04773 150.000000 150.000000 150.000000
04774 150.000000 150.000000 150.000000
04775 150.000000 150.000000 150.000000
04776 150.000000 150.000000 150.000000
04777 150.000000 150.000000 150.000000
05066 150.000000 150.000000 150.000000
05067 150.000000 150.000000 150.000000
05076 150.000000 150.000000 150.000000
05077 150.000000 150.000000 150.000000
05166 150.000000 150.000000 150.000000
05167 150.000000 150.000000 150.000000
05176 150.000000 150.000000 150.000000
05177 150.000000 150.000000 150.000000
05206 150.000000 150.000000 150.000000
05207 150.000000 150.000000 150.000000
05216 150.000000 150.000000 150.000000
05217 150.000000 150.000000 150.000000
05220 150.000000 150.000000 150.000000
05221 150.000000 150.000000 150.000000
05222 150.000000 150.000000 150.000000
05223 150.000000 150.000000 150.000000
05224 150.000000 150.000000 150.000000
05225 150.000000 150.000000 150.000000
05226 150.000000 150.000000 150.000000
05227 150.000000 150.000000 150.000000
05230 150.000000 150.000000 150.000000
05231 150.000000 150.000000 150.000000
05232 150.000000 150.000000 150.000000
05233 150.000000 150.000000 150.000000
05234 150.000000 150.000000 150.000000
05235 150.000000 150.000000 150.000000
05236 150.000000 150.000000 150.000000
05237 150.000000 150.000000 150.000000
05240 150.000000 150.000000 150.000000
05241 150.000000 150.000000 150.000000
05242 150.000000 150.000000 150.000000
05243 150.000000 150.000000 150.000000
05244 150.000000 150.000000 150.000000
05245 150.000000 150.000000 150.000000
05250 150.000000 150.000000 150.000000
05251 150.000000 150.000000 150.000000
05252 150.000000 150.000000 150.000000
05253 150.000000 150.000000 150.000000
05254 150.000000 150.000000 150.000000
05255 150.000000 150.000000 150.000000
05260 150.000000 150.000000 150.000000
05261 150.000000 150.000000 150.000000
05262 150.000000 150.000000 150.000000
05263 150.000000 150.000000 150.000000
05270 150.000000 150.000000 150.000000
05271 150.000000 150.000000 150.000000
05272 150.000000 150.000000 150.000000
05273 150.000000 150.000000 150.000000
05306 150.000000 150.000000 150.000000
05307 150.000000 150.000000 150.000000
05316 150.000000 150.000000 150.000000
05317 150.000000 150.000000 150.000000
05320 150.000000 150.000000 150.000000
05321 150.000000 150.000000 150.000000
05322 150.000000 150.000000 150.000000
05323 150.000000 150.000000 150.000000
05324 150.000000 150.000000 150.000000
05325 150.000000 150.000000 150.000000
05326 150.000000 150.000000 150.000000
05327 150.000000 150.000000 150.000000
05330 150.000000 150.000000 150.000000
05331 150.000000 150.000000 150.000000
05332 150.000000 150.000000 150.000000
05333 150.000000 150.000000 150.000000
05334 150.000000 150.000000 150.000000
05335 150.000000 150.000000 150.000000
05336 150.000000 150.000000 150.000000
05337 150.000000 150.000000 150.000000
05340 150.000000 150.000000 150.000000
05341 150.000000 150.000000 150.000000
05342 150.000000 150.000000 150.000000
05343 150.000000 150.000000 150.000000
05344 150.000000 150.000000 150.000000
05345 150.000000 150.000000 150.000000
05347 150.000000 150.000000 150.000000
05350 150.000000 150.000000 150.000000
05351 150.000000 150.000000 150.000000
05352 150.000000 150.000000 150.000000
05353 150.000000 150.000000 150.000000
05354 150.000000 150.000000 150.000000
05355 150.000000 150.000000 150.000000
05360 150.000000 150.000000 150.000000
05361 150.000000 150.000000 150.000000
05362 150.000000 150.000000 150.000000
05363 150.000000 150.000000 150.000000
05370 150.000000 150.000000 150.000000
05371 150.000000 150.000000 150.000000
05372 150.000000 150.000000 150.000000
05373 150.000000 150.000000 150.000000
05375 150.000000 150.000000 150.000000
05377 150.000000 150.000000 150.000000
05406 150.000000 150.000000 150.000000
05407 150.000000 150.000000 150.000000
05416 150.000000 150.000000 150.000000
05417 150.000000 150.000000 150.000000
05420 150.000000 150.000000 150.000000
05421 150.000000 150.000000 150.000000
05422 150.000000 150.000000 150.000000
05423 150.000000 150.000000 150.000000
05424 150.000000 150.000000 150.000000
05425 150.000000 150.000000 150.000000
05430 150.000000 150.000000 150.000000
05431 150.000000 150.000000 150.000000
05432 150.000000 150.000000 150.000000
05433 150.000000 150.000000 150.000000
05434 150.000000 150.000000 150.000000
05435 150.000000 150.000000 150.000000
05440 150.000000 150.000000 150.000000
05441 150.000000 150.000000 150.000000
05442 150.000000 150.000000 150.000000
05443 150.000000 150.000000 150.000000
05444 150.000000 150.000000 150.000000
05445 150.000000 150.000000 150.000000
05450 150.000000 150.000000 150.000000
05451 150.000000 150.000000 150.000000
05452 150.000000 150.000000 150.000000
05453 150.000000 150.000000 150.000000
05454 150.000000 150.000000 150.000000
05455 150.000000 150.000000 150.000000
05506 150.000000 150.000000 150.000000
05507 150.000000 150.000000 150.000000
05516 150.000000 150.000000 150.000000
05517 150.000000 150.000000 150.000000
05520 150.000000 150.000000 150.000000
05521 150.000000 150.000000 150.000000
05522 150.000000 150.000000 150.000000
05523 150.000000 150.000000 150.000000
05524 150.000000 150.000000 150.000000
05525 150.000000 150.000000 150.000000
05527 150.000000 150.000000 150.000000
05530 150.000000 150.000000 150.000000
05531 150.000000 150.000000 150.000000
05532 150.000000 150.000000 150.000000
05533 150.000000 150.000000 150.000000
05534 150.000000 150.000000 150.000000
05535 150.000000 150.000000 150.000000
05540 150.000000 150.000000 150.000000
05541 150.000000 150.000000 150.000000
05542 150.000000 150.000000 150.000000
05543 150.000000 150.000000 150.000000
05544 150.000000 150.000000 150.000000
05545 150.000000 150.000000 150.000000
05547 150.000000 150.000000 150.000000
05550 150.000000 150.000000 150.000000
05551 150.000000 150.000000 150.000000
05552 150.000000 150.000000 150.000000
05553 150.000000 150.000000 150.000000
05554 150.000000 150.000000 150.000000
05555 150.000000 150.000000 150.000000
05561 150.000000 150.000000 150.000000
05565 150.000000 150.000000 150.000000
05566 150.000000 150.000000 150.000000
05567 150.000000 150.000000 150.000000
05664 150.000000 150.000000 150.000000
05665 150.000000 150.000000 150.000000
05666 150.000000 150.000000 150.000000
05667 150.000000 150.000000 150.000000
05674 150.000000 150.000000 150.000000
05675 150.000000 150.000000 150.000000
05676 150.000000 150.000000 150.000000
05677 150.000000 150.000000 150.000000
05701 150.000000 150.000000 150.000000
05731 150.000000 150.000000 150.000000
05733 150.000000 150.000000 150.000000
05735 150.000000 150.000000 150.000000
05737 150.000000 150.000000 150.000000
05744 150.000000 150.000000 150.000000
05745 150.000000 150.000000 150.000000
05746 150.000000 150.000000 150.000000
05747 150.000000 150.000000 150.000000
05764 150.000000 150.000000 150.000000
05765 150.000000 150.000000 150.000000
05766 150.000000 150.000000 150.000000
05767 150.000000 150.000000 150.000000
05771 150.000000 150.000000 150.000000
05773 150.000000 150.000000 150.000000
05774 150.000000 150.000000 150.000000
05775 150.000000 150.000000 150.000000
05776 150.000000 150.000000 150.000000
05777 150.000000 150.000000 150.000000
06111 150.000000 150.000000 150.000000
06114 150.000000 150.000000 150.000000
06115 150.000000 150.000000 150.000000
06116 150.000000 150.000000 150.000000
06117 150.000000 150.000000 150.000000
06134 150.000000 150.000000 150.000000
06135 150.000000 150.000000 150.000000
06136 150.000000 150.000000 150.000000
06137 150.000000 150.000000 150.000000
06150 150.000000 150.000000 150.000000
06151 150.000000 150.000000 150.000000
06152 150.000000 150.000000 150.000000
06153 150.000000 150.000000 150.000000
06154 150.000000 150.000000 150.000000
06155 150.000000 150.000000 150.000000
06156 150.000000 150.000000 150.000000
06157 150.000000 150.000000 150.000000
06170 150.000000 150.000000 150.000000
06171 150.000000 150.000000 150.000000
06172 150.000000 150.000000 150.000000
06173 150.000000 150.000000 150.000000
06174 150.000000 150.000000 150.000000
06175 150.000000 150.000000 150.000000
06176 150.000000 150.000000 150.000000
06177 150.000000 150.000000 150.000000
06314 150.000000 150.000000 150.000000
06315 150.000000 150.000000 150.000000
06316 150.000000 150.000000 150.000000
06317 150.000000 150.000000 150.000000
06334 150.000000 150.000000 150.000000
06335 150.000000 150.000000 150.000000
06336 150.000000 150.000000 150.000000
06337 150.000000 150.000000 150.000000
06350 150.000000 150.000000 150.000000
06351 150.000000 150.000000 150.000000
06352 150.000000 150.000000 150.000000
06353 150.000000 150.000000 150.000000
06354 150.000000 150.000000 150.000000
06355 150.000000 150.000000 150.000000
06356 150.000000 150.000000 150.000000
06357 150.000000 150.000000 150.000000
06365 150.000000 150.000000 150.000000
06366 150.000000 150.000000 150.000000
06367 150.000000 150.000000 150.000000
06370 150.000000 150.000000 150.000000
06371 150.000000 150.000000 150.000000
06372 150.000000 150.000000 150.000000
06374 150.000000 150.000000 150.000000
06375 150.000000 150.000000 150.000000
06376 150.000000 150.000000 150.000000
06510 150.000000 150.000000 150.000000
06511 150.000000 150.000000 150.000000
06512 150.000000 150.000000 150.000000
06513 150.000000 150.000000 150.000000
06514 150.000000 150.000000 150.000000
06515 150.000000 150.000000 150.000000
06516 150.000000 150.000000 150.000000
06517 150.000000 150.000000 150.000000
06530 150.000000 150.000000 150.000000
06531 150.000000 150.000000 150.000000
06532 150.000000 150.000000 150.000000
06533 150.000000 150.000000 150.000000
06550 150.000000 150.000000 150.000000
06551 150.000000 150.000000 150.000000
06552 150.000000 150.000000 150.000000
06553 150.000000 150.000000 150.000000
06554 150.000000 150.000000 150.000000
06555 150.000000 150.000000 150.000000
06556 150.000000 150.000000 150.000000
06557 150.000000 150.000000 150.000000
06574 150.000000 150.000000 150.000000
06575 150.000000 150.000000 150.000000
06576 150.000000 150.000000 150.000000
06577 150.000000 150.000000 150.000000
06710 150.000000 150.000000 150.000000
06711 150.000000 150.000000 150.000000
06712 150.000000 150.000000 150.000000
06713 150.000000 150.000000 150.000000
06722 150.000000 150.000000 150.000000
06723 150.000000 150.000000 150.000000
06726 150.000000 150.000000 150.000000
06727 150.000000 150.000000 150.000000
06730 150.000000 150.000000 150.000000
06731 150.000000 150.000000 150.000000
06732 150.000000 150.000000 150.000000
06734 150.000000 150.000000 150.000000
06735 150.000000 150.000000 150.000000
06736 150.000000 150.000000 150.000000
06754 150.000000 150.000000 150.000000
06755 150.000000 150.000000 150.000000
06756 150.000000 150.000000 150.000000
06757 150.000000 150.000000 150.000000
06762 150.000000 150.000000 150.000000
06763 150.000000 150.000000 150.000000
06766 150.000000 150.000000 150.000000
06767 150.000000 150.000000 150.000000
06770 150.000000 150.000000 150.000000
06771 150.000000 150.000000 150.000000
06772 150.000000 150.000000 150.000000
06774 150.000000 150.000000 150.000000
06775 150.000000 150.000000 150.000000
06776 150.000000 150.000000 150.000000
07004 150.000000 150.000000 150.000000
07005 150.000000 150.000000 150.000000
07006 150.000000 150.000000 150.000000
07007 150.000000 150.000000 150.000000
07014 150.000000 150.000000 150.000000
07015 150.000000 150.000000 150.000000
07016 150.000000 150.000000 150.000000
07017 150.000000 150.000000 150.000000
07024 150.000000 150.000000 150.000000
07025 150.000000 150.000000 150.000000
07026 150.000000 150.000000 150.000000
07027 150.000000 150.000000 150.000000
07034 150.000000 150.000000 150.000000
07035 150.000000 150.000000 150.000000
07036 150.000000 150.000000 150.000000
07040 150.000000 150.000000 150.000000
07041 150.000000 150.000000 150.000000
07042 150.000000 150.000000 150.000000
07043 150.000000 150.000000 150.000000
07050 150.000000 150.000000 150.000000
07051 150.000000 150.000000 150.000000
07052 150.000000 150.000000 150.000000
07053 150.000000 150.000000 150.000000
07060 150.000000 150.000000 150.000000
07061 150.000000 150.000000 150.000000
07062 150.000000 150.000000 150.000000
07063 150.000000 150.000000 150.000000
07070 150.000000 150.000000 150.000000
07071 150.000000 150.000000 150.000000
07072 150.000000 150.000000 150.000000
07073 150.000000 150.000000 150.000000
07101 150.000000 150.000000 150.000000
07104 150.000000 150.000000 150.000000
07105 150.000000 150.000000 150.000000
07106 150.000000 150.000000 150.000000
07107 150.000000 150.000000 150.000000
07114 150.000000 150.000000 150.000000
07115 150.000000 150.000000 150.000000
07116 150.000000 150.000000 150.000000
07117 150.000000 150.000000 150.000000
07124 150.000000 150.000000 150.000000
07125 150.000000 150.000000 150.000000
07126 150.000000 150.000000 150.000000
07127 150.000000 150.000000 150.000000
07134 150.000000 150.000000 150.000000
07135 150.000000 150.000000 150.000000
07136 150.000000 150.000000 150.000000
07137 150.000000 150.000000 150.000000
07140 150.000000 150.000000 150.000000
07141 150.000000 150.000000 150.000000
07142 150.000000 150.000000 150.000000
07143 150.000000 150.000000 150.000000
07150 150.000000 150.000000 150.000000
07151 150.000000 150.000000 150.000000
07152 150.000000 150.000000 150.000000
07153 150.000000 150.000000 150.000000
07160 150.000000 150.000000 150.000000
07161 150.000000 150.000000 150.000000
07162 150.000000 150.000000 150.000000
07163 150.000000 150.000000 150.000000
07170 150.000000 150.000000 150.000000
07171 150.000000 150.000000 150.000000
07172 150.000000 150.000000 150.000000
07173 150.000000 150.000000 150.000000
07204 150.000000 150.000000 150.000000
07205 150.000000 150.000000 150.000000
07206 150.000000 150.000000 150.000000
07207 150.000000 150.000000 150.000000
07214 150.000000 150.000000 150.000000
07215 150.000000 150.000000 150.000000
07216 150.000000 150.000000 150.000000
07217 150.000000 150.000000 150.000000
07224 150.000000 150.000000 150.000000
07225 150.000000 150.000000 150.000000
07226 150.000000 150.000000 150.000000
07227 150.000000 150.000000 150.000000
07234 150.000000 150.000000 150.000000
07235 150.000000 150.000000 150.000000
07236 150.000000 150.000000 150.000000
07237 150.000000 150.000000 150.000000
07240 150.000000 150.000000 150.000000
07241 150.000000 150.000000 150.000000
07242 150.000000 150.000000 150.000000
07243 150.000000 150.000000 150.000000
07250 150.000000 150.000000 150.000000
07251 150.000000 150.000000 150.000000
07252 150.000000 150.000000 150.000000
07253 150.000000 150.000000 150.000000
07260 150.000000 150.000000 150.000000
07261 150.000000 150.000000 150.000000
07264 150.000000 150.000000 150.000000
07265 150.000000 150.000000 150.000000
07270 150.000000 150.000000 150.000000
07271 150.000000 150.000000 150.000000
07274 150.000000 150.000000 150.000000
07275 150.000000 150.000000 150.000000
07304 150.000000 150.000000 150.000000
07305 150.000000 150.000000 150.000000
07306 150.000000 150.000000 150.000000
07307 150.000000 150.000000 150.000000
07314 150.000000 150.000000 150.000000
07315 150.000000 150.000000 150.000000
07316 150.000000 150.000000 150.000000
07317 150.000000 150.000000 150.000000
07324 150.000000 150.000000 150.000000
07325 150.000000 150.000000 150.000000
07326 150.000000 150.000000 150.000000
07327 150.000000 150.000000 150.000000
07334 150.000000 150.000000 150.000000
07335 150.000000 150.000000 150.000000
07336 150.000000 150.000000 150.000000
07337 150.000000 150.000000 150.000000
07340 150.000000 150.000000 150.000000
07341 150.000000 150.000000 150.000000
07342 150.000000 150.000000 150.000000
07343 150.000000 150.000000 150.000000
07350 150.000000 150.000000 150.000000
07351 150.000000 150.000000 150.000000
07352 150.000000 150.000000 150.000000
07353 150.000000 150.000000 150.000000
07360 150.000000 150.000000 150.000000
07361 150.000000 150.000000 150.000000
07365 150.000000 150.000000 150.000000
07370 150.000000 150.000000 150.000000
07371 150.000000 150.000000 150.000000
07374 150.000000 150.000000 150.000000
07375 150.000000 150.000000 150.000000
07555 150.000000 150.000000 150.000000
07557 150.000000 150.000000 150.000000
07575 150.000000 150.000000 150.000000
07577 150.000000 150.000000 150.000000
07620 150.000000 150.000000 150.000000
07621 150.000000 150.000000 150.000000
07624 150.000000 150.000000 150.000000
07630 150.000000 150.000000 150.000000
07631 150.000000 150.000000 150.000000
07634 150.000000 150.000000 150.000000
07635 150.000000 150.000000 150.000000
07660 150.000000 150.000000 150.000000
07661 150.000000 150.000000 150.000000
07664 150.000000 150.000000 150.000000
07665 150.000000 150.000000 150.000000
07671 150.000000 150.000000 150.000000
07674 150.000000 150.000000 150.000000
07675 150.000000 150.000000 150.000000
07720 150.000000 150.000000 150.000000
07724 150.000000 150.000000 150.000000
07725 150.000000 150.000000 150.000000
07730 150.000000 150.000000 150.000000
07731 150.000000 150.000000 150.000000
07734 150.000000 150.000000 150.000000
07735 150.000000 150.000000 150.000000
07755 150.000000 150.000000 150.000000
07757 150.000000 150.000000 150.000000
07760 150.000000 150.000000 150.000000
07761 150.000000 150.000000 150.000000
07764 150.000000 150.000000 150.000000
07765 150.000000 150.000000 150.000000
07771 150.000000 150.000000 150.000000
07774 150.000000 150.000000 150.000000
07775 150.000000 150.000000 150.000000
10666 150.000000 150.000000 150.000000
10667 150.000000 150.000000 150.000000
10676 150.000000 150.000000 150.000000
10677 150.000000 150.000000 150.000000
10766 150.000000 150.000000 150.000000
10767 150.000000 150.000000 150.000000
10776 150.000000 150.000000 150.000000
10777 150.000000 150.000000 150.000000
11666 150.000000 150.000000 150.000000
11667 150.000000 150.000000 150.000000
11676 150.000000 150.000000 150.000000
11677 150.000000 150.000000 150.000000
12444 150.000000 150.000000 150.000000
12445 150.000000 150.000000 150.000000
12454 150.000000 150.000000 150.000000
12455 150.000000 150.000000 150.000000
12544 150.000000 150.000000 150.000000
12545 150.000000 150.000000 150.000000
12554 150.000000 150.000000 150.000000
12555 150.000000 150.000000 150.000000
13444 150.000000 150.000000 150.000000
13445 150.000000 150.000000 150.000000
13454 150.000000 150.000000 150.000000
13455 150.000000 150.000000 150.000000
14066 150.000000 150.000000 150.000000
14067 150.000000 150.000000 150.000000
14076 150.000000 150.000000 150.000000
14077 150.000000 150.000000 150.000000
14166 150.000000 150.000000 150.000000
14167 150.000000 150.000000 150.000000
14176 150.000000 150.000000 150.000000
14177 150.000000 150.000000 150.000000
14206 150.000000 150.000000 150.000000
14207 150.000000 150.000000 150.000000
14216 150.000000 150.000000 150.000000
14217 150.000000 150.000000 150.000000
14220 150.000000 150.000000 150.000000
14221 150.000000 150.000000 150.000000
14222 150.000000 150.000000 150.000000
14223 150.000000 150.000000 150.000000
14224 150.000000 150.000000 150.000000
14225 150.000000 150.000000 150.000000
14226 150.000000 150.000000 150.000000
14227 150.000000 150.000000 150.000000
14230 150.000000 150.000000 150.000000
14231 150.000000 150.000000 150.000000
14232 150.000000 150.000000 150.000000
14233 150.000000 150.000000 150.000000
14234 150.000000 150.000000 150.000000
14235 150.000000 150.000000 150.000000
14236 150.000000 150.000000 150.000000
14237 150.000000 150.000000 150.000000
14240 150.000000 150.000000 150.000000
14241 150.000000 150.000000 150.000000
14242 150.000000 150.000000 150.000000
14243 150.000000 150.000000 150.000000
14244 150.000000 150.000000 150.000000
14245 150.000000 150.000000 150.000000
14250 150.000000 150.000000 150.000000
14251 150.000000 150.000000 150.000000
14252 150.000000 150.000000 150.000000
14253 150.000000 150.000000 150.000000
14254 150.000000 150.000000 150.000000
14255 150.000000 150.000000 150.000000
14260 150.000000 150.000000 150.000000
14261 150.000000 150.000000 150.000000
14262 150.000000 150.000000 150.000000
14263 150.000000 150.000000 150.000000
14264 150.000000 150.000000 150.000000
14266 150.000000 150.000000 150.000000
14270 150.000000 150.000000 150.000000
14271 150.000000 150.000000 150.000000
14272 150.000000 150.000000 150.000000
14273 150.000000 150.000000 150.000000
14306 150.000000 150.000000 150.000000
14307 150.000000 150.000000 150.000000
14316 150.000000 150.000000 150.000000
14317 150.000000 150.000000 150.000000
14320 150.000000 150.000000 150.000000
14321 150.000000 150.000000 150.000000
14322 150.000000 150.000000 150.000000
14323 150.000000 150.000000 150.000000
14324 150.000000 150.000000 150.000000
14325 150.000000 150.000000 150.000000
14326 150.000000 150.000000 150.000000
14327 150.000000 150.000000 150.000000
14330 150.000000 150.000000 150.000000
14331 150.000000 150.000000 150.000000
14332 150.000000 150.000000 150.000000
14333 150.000000 150.000000 150.000000
14334 150.000000 150.000000 150.000000
14335 150.000000 150.000000 150.000000
14336 150.000000 150.000000 150.000000
14337 150.000000 150.000000 150.000000
14340 150.000000 150.000000 150.000000
14341 150.000000 150.000000 150.000000
14342 150.000000 150.000000 150.000000
14343 150.000000 150.000000 150.000000
14344 150.000000 150.000000 150.000000
14345 150.000000 150.000000 150.000000
14346 150.000000 150.000000 150.000000
14350 150.000000 150.000000 150.000000
14351 150.000000 150.000000 150.000000
14352 150.000000 150.000000 150.000000
14353 150.000000 150.000000 150.000000
14354 150.000000 150.000000 150.000000
14355 150.000000 150.000000 150.000000
14360 150.000000 150.000000 150.000000
14361 150.000000 150.000000 150.000000
14362 150.000000 150.000000 150.000000
14363 150.000000 150.000000 150.000000
14370 150.000000 150.000000 150.000000
14371 150.000000 150.000000 150.000000
14372 150.000000 150.000000 150.000000
14373 150.000000 150.000000 150.000000
14406 150.000000 150.000000 150.000000
14407 150.000000 150.000000 150.000000
14416 150.000000 150.000000 150.000000
14417 150.000000 150.000000 150.000000
14420 150.000000 150.000000 150.000000
14421 150.000000 150.000000 150.000000
14422 150.000000 150.000000 150.000000
14423 150.000000 150.000000 150.000000
14424 150.000000 150.000000 150.000000
14425 150.000000 150.000000 150.000000
14430 150.000000 150.000000 150.000000
14431 150.000000 150.000000 150.000000
14432 150.000000 150.000000 150.000000
14433 150.000000 150.000000 150.000000
14434 150.000000 150.000000 150.000000
14435 150.000000 150.000000 150.000000
14440 150.000000 150.000000 150.000000
14441 150.000000 150.000000 150.000000
14442 150.000000 150.000000 150.000000
14443 150.000000 150.000000 150.000000
14444 150.000000 150.000000 150.000000
14445 150.000000 150.000000 150.000000
14450 150.000000 150.000000 150.000000
14451 150.000000 150.000000 150.000000
14452 150.000000 150.000000 150.000000
14453 150.000000 150.000000 150.000000
14454 150.000000 150.000000 150.000000
14455 150.000000 150.000000 150.000000
14457 150.000000 150.000000 150.000000
14475 150.000000 150.000000 150.000000
14477 150.000000 150.000000 150.000000
14506 150.000000 150.000000 150.000000
14507 150.000000 150.000000 150.000000
14516 150.000000 150.000000 150.000000
14517 150.000000 150.000000 150.000000
14520 150.000000 150.000000 150.000000
14521 150.000000 150.000000 150.000000
14522 150.000000 150.000000 150.000000
14523 150.000000 150.000000 150.000000
14524 150.000000 150.000000 150.000000
14525 150.000000 150.000000 150.000000
14526 150.000000 150.000000 150.000000
14530 150.000000 150.000000 150.000000
14531 150.000000 150.000000 150.000000
14532 150.000000 150.000000 150.000000
14533 150.000000 150.000000 150.000000
14534 150.000000 150.000000 150.000000
14535 150.000000 150.000000 150.000000
14540 150.000000 150.000000 150.000000
14541 150.000000 150.000000 150.000000
14542 150.000000 150.000000 150.000000
14543 150.000000 150.000000 150.000000
14544 150.000000 150.000000 150.000000
14545 150.000000 150.000000 150.000000
14546 150.000000 150.000000 150.000000
14550 150.000000 150.000000 150.000000
14551 150.000000 150.000000 150.000000
14552 150.000000 150.000000 150.000000
14553 150.000000 150.000000 150.000000
14554 150.000000 150.000000 150.000000
14555 150.000000 150.000000 150.000000
14560 150.000000 150.000000 150.000000
14620 150.000000 150.000000 150.000000
14622 150.000000 150.000000 150.000000
14624 150.000000 150.000000 150.000000
14626 150.000000 150.000000 150.000000
14655 150.000000 150.000000 150.000000
14657 150.000000 150.000000 150.000000
14660 150.000000 150.000000 150.000000
14662 150.000000 150.000000 150.000000
14664 150.000000 150.000000 150.000000
14665 150.000000 150.000000 150.000000
14666 150.000000 150.000000 150.000000
14667 150.000000 150.000000 150.000000
14674 150.000000 150.000000 150.000000
14675 150.000000 150.000000 150.000000
14676 150.000000 150.000000 150.000000
14677 150.000000 150.000000 150.000000
14700 150.000000 150.000000 150.000000
14764 150.000000 150.000000 150.000000
14765 150.000000 150.000000 150.000000
14766 150.000000 150.000000 150.000000
14767 150.000000 150.000000 150.000000
14774 150.000000 150.000000 150.000000
14775 150.000000 150.000000 150.000000
14776 150.000000 150.000000 150.000000
14777 150.000000 150.000000 150.000000
15066 150.000000 150.000000 150.000000
15067 150.000000 150.000000 150.000000
15076 150.000000 150.000000 150.000000
15206 150.000000 150.000000 150.000000
15207 150.000000 150.000000 150.000000
15216 150.000000 150.000000 150.000000
15220 150.000000 150.000000 150.000000
15221 150.000000 150.000000 150.000000
15222 150.000000 150.000000 150.000000
15223 150.000000 150.000000 150.000000
15224 150.000000 150.000000 150.000000
15225 150.000000 150.000000 150.000000
15226 150.000000 150.000000 150.000000
15227 150.000000 150.000000 150.000000
15230 150.000000 150.000000 150.000000
15231 150.000000 150.000000 150.000000
15232 150.000000 150.000000 150.000000
15233 150.000000 150.000000 150.000000
15234 150.000000 150.000000 150.000000
15240 150.000000 150.000000 150.000000
15241 150.000000 150.000000 150.000000
15242 150.000000 150.000000 150.000000
15243 150.000000 150.000000 150.000000
15244 150.000000 150.000000 150.000000
15245 150.000000 150.000000 150.000000
15246 150.000000 150.000000 150.000000
15247 150.000000 150.000000 150.000000
15250 150.000000 150.000000 150.000000
15252 150.000000 150.000000 150.000000
15253 150.000000 150.000000 150.000000
15254 150.000000 150.000000 150.000000
15260 150.000000 150.000000 150.000000
15261 150.000000 150.000000 150.000000
15262 150.000000 150.000000 150.000000
15263 150.000000 150.000000 150.000000
15264 150.000000 150.000000 150.000000
15265 150.000000 150.000000 150.000000
15266 150.000000 150.000000 150.000000
15267 150.000000 150.000000 150.000000
15406 150.000000 150.000000 150.000000
15407 150.000000 150.000000 150.000000
15420 150.000000 150.000000 150.000000
15421 150.000000 150.000000 150.000000
15422 150.000000 150.000000 150.000000
15423 150.000000 150.000000 150.000000
15424 150.000000 150.000000 150.000000
15425 150.000000 150.000000 150.000000
15426 150.000000 150.000000 150.000000
15427 150.000000 150.000000 150.000000
15434 150.000000 150.000000 150.000000
15440 150.000000 150.000000 150.000000
15441 150.000000 150.000000 150.000000
15442 150.000000 150.000000 150.000000
15443 150.000000 150.000000 150.000000
15444 150.000000 150.000000 150.000000
15445 150.000000 150.000000 150.000000
15460 150.000000 150.000000 150.000000
15461 150.000000 150.000000 150.000000
15462 150.000000 150.000000 150.000000
15463 150.000000 150.000000 150.000000
15464 150.000000 150.000000 150.000000
15465 150.000000 150.000000 150.000000
15466 150.000000 150.000000 150.000000
15467 150.000000 150.000000 150.000000
15600 150.000000 150.000000 150.000000
15601 150.000000 150.000000 150.000000
15602 150.000000 150.000000 150.000000
15603 150.000000 150.000000 150.000000
15604 150.000000 150.000000 150.000000
15605 150.000000 150.000000 150.000000
15606 150.000000 150.000000 150.000000
15607 150.000000 150.000000 150.000000
15620 150.000000 150.000000 150.000000
15621 150.000000 150.000000 150.000000
15622 150.000000 150.000000 150.000000
15623 150.000000 150.000000 150.000000
15624 150.000000 150.000000 150.000000
15625 150.000000 150.000000 150.000000
15626 150.000000 150.000000 150.000000
15627 150.000000 150.000000 150.000000
15640 150.000000 150.000000 150.000000
15641 150.000000 150.000000 150.000000
15642 150.000000 150.000000 150.000000
15643 150.000000 150.000000 150.000000
15644 150.000000 150.000000 150.000000
15645 150.000000 150.000000 150.000000
15646 150.000000 150.000000 150.000000
15647 150.000000 150.000000 150.000000
15660 150.000000 150.000000 150.000000
15661 150.000000 150.000000 150.000000
15662 150.000000 150.000000 150.000000
15663 150.000000 150.000000 150.000000
15664 150.000000 150.000000 150.000000
15665 150.000000 150.000000 150.000000
15666 150.000000 150.000000 150.000000
15667 150.000000 150.000000 150.000000
16004 150.000000 150.000000 150.000000
16005 150.000000 150.000000 150.000000
16006 150.000000 150.000000 150.000000
16007 150.000000 150.000000 150.000000
16014 150.000000 150.000000 150.000000
16015 150.000000 150.000000 150.000000
16016 150.000000 150.000000 150.000000
16017 150.000000 150.000000 150.000000
16024 150.000000 150.000000 150.000000
16025 150.000000 150.000000 150.000000
16026 150.000000 150.000000 150.000000
16027 150.000000 150.000000 150.000000
16034 150.000000 150.000000 150.000000
16035 150.000000 150.000000 150.000000
16036 150.000000 150.000000 150.000000
16037 150.000000 150.000000 150.000000
16040 150.000000 150.000000 150.000000
16041 150.000000 150.000000 150.000000
16042 150.000000 150.000000 150.000000
16043 150.000000 150.000000 150.000000
16050 150.000000 150.000000 150.000000
16051 150.000000 150.000000 150.000000
16052 150.000000 150.000000 150.000000
16053 150.000000 150.000000 150.000000
16060 150.000000 150.000000 150.000000
16061 150.000000 150.000000 150.000000
16062 150.000000 150.000000 150.000000
16063 150.000000 150.000000 150.000000
16070 150.000000 150.000000 150.000000
16071 150.000000 150.000000 150.000000
16072 150.000000 150.000000 150.000000
16073 150.000000 150.000000 150.000000
16100 150.000000 150.000000 150.000000
16104 150.000000 150.000000 150.000000
16105 150.000000 150.000000 150.000000
16106 150.000000 150.000000 150.000000
16107 150.000000 150.000000 150.000000
16114 150.000000 150.000000 150.000000
16115 150.000000 150.000000 150.000000
16116 150.000000 150.000000 150.000000
16117 150.000000 150.000000 150.000000
16124 150.000000 150.000000 150.000000
16125 150.000000 150.000000 150.000000
16126 150.000000 150.000000 150.000000
16127 150.000000 150.000000 150.000000
16134 150.000000 150.000000 150.000000
16135 150.000000 150.000000 150.000000
16136 150.000000 150.000000 150.000000
16137 150.000000 150.000000 150.000000
16140 150.000000 150.000000 150.000000
16141 150.000000 150.000000 150.000000
16142 150.000000 150.000000 150.000000
16143 150.000000 150.000000 150.000000
16150 150.000000 150.000000 150.000000
16151 150.000000 150.000000 150.000000
16152 150.000000 150.000000 150.000000
16153 150.000000 150.000000 150.000000
16160 150.000000 150.000000 150.000000
16161 150.000000 150.000000 150.000000
16162 150.000000 150.000000 150.000000
16163 150.000000 150.000000 150.000000
16170 150.000000 150.000000 150.000000
16171 150.000000 150.000000 150.000000
16172 150.000000 150.000000 150.000000
16173 150.000000 150.000000 150.000000
16204 150.000000 150.000000 150.000000
16205 150.000000 150.000000 150.000000
16206 150.000000 150.000000 150.000000
16207 150.000000 150.000000 150.000000
16214 150.000000 150.000000 150.000000
16215 150.000000 150.000000 150.000000
16216 150.000000 150.000000 150.000000
16217 150.000000 150.000000 150.000000
16224 150.000000 150.000000 150.000000
16225 150.000000 150.000000 150.000000
16226 150.000000 150.000000 150.000000
16227 150.000000 150.000000 150.000000
16234 150.000000 150.000000 150.000000
16235 150.000000 150.000000 150.000000
16236 150.000000 150.000000 150.000000
16237 150.000000 150.000000 150.000000
16240 150.000000 150.000000 150.000000
16241 150.000000 150.000000 150.000000
16242 150.000000 150.000000 150.000000
16243 150.000000 150.000000 150.000000
16250 150.000000 150.000000 150.000000
16251 150.000000 150.000000 150.000000
16252 150.000000 150.000000 150.000000
16253 150.000000 150.000000 150.000000
16260 150.000000 150.000000 150.000000
16261 150.000000 150.000000 150.000000
16264 150.000000 150.000000 150.000000
16265 150.000000 150.000000 150.000000
16270 150.000000 150.000000 150.000000
16271 150.000000 150.000000 150.000000
16274 150.000000 150.000000 150.000000
16275 150.000000 150.000000 150.000000
16304 150.000000 150.000000 150.000000
16305 150.000000 150.000000 150.000000
16306 150.000000 150.000000 150.000000
16307 150.000000 150.000000 150.000000
16314 150.000000 150.000000 150.000000
16315 150.000000 150.000000 150.000000
16316 150.000000 150.000000 150.000000
16317 150.000000 150.000000 150.000000
16324 150.000000 150.000000 150.000000
16325 150.000000 150.000000 150.000000
16326 150.000000 150.000000 150.000000
16327 150.000000 150.000000 150.000000
16334 150.000000 150.000000 150.000000
16335 150.000000 150.000000 150.000000
16336 150.000000 150.000000 150.000000
16337 150.000000 150.000000 150.000000
16340 150.000000 150.000000 150.000000
16341 150.000000 150.000000 150.000000
16342 150.000000 150.000000 150.000000
16343 150.000000 150.000000 150.000000
16350 150.000000 150.000000 150.000000
16351 150.000000 150.000000 150.000000
16352 150.000000 150.000000 150.000000
16353 150.000000 150.000000 150.000000
16360 150.000000 150.000000 150.000000
16361 150.000000 150.000000 150.000000
16364 150.000000 150.000000 150.000000
16365 150.000000 150.000000 150.000000
16370 150.000000 150.000000 150.000000
16371 150.000000 150.000000 150.000000
16375 150.000000 150.000000 150.000000
16444 150.000000 150.000000 150.000000
16446 150.000000 150.000000 150.000000
16464 150.000000 150.000000 150.000000
16466 150.000000 150.000000 150.000000
16620 150.000000 150.000000 150.000000
16621 150.000000 150.000000 150.000000
16624 150.000000 150.000000 150.000000
16625 150.000000 150.000000 150.000000
16630 150.000000 150.000000 150.000000
16631 150.000000 150.000000 150.000000
16634 150.000000 150.000000 150.000000
16635 150.000000 150.000000 150.000000
16644 150.000000 150.000000 150.000000
16646 150.000000 150.000000 150.000000
16660 150.000000 150.000000 150.000000
16661 150.000000 150.000000 150.000000
16664 150.000000 150.000000 150.000000
16665 150.000000 150.000000 150.000000
16670 150.000000 150.000000 150.000000
16671 150.000000 150.000000 150.000000
16674 150.000000 150.000000 150.000000
16720 150.000000 150.000000 150.000000
16721 150.000000 150.000000 150.000000
16724 150.000000 150.000000 150.000000
16725 150.000000 150.000000 150.000000
16730 150.000000 150.000000 150.000000
16731 150.000000 150.000000 150.000000
16734 150.000000 150.000000 150.000000
16735 150.000000 150.000000 150.000000
16760 150.000000 150.000000 150.000000
16761 150.000000 150.000000 150.000000
16764 150.000000 150.000000 150.000000
16765 150.000000 150.000000 150.000000
16770 150.000000 150.000000 150.000000
16771 150.000000 150.000000 150.000000
16774 150.000000 150.000000 150.000000
16775 150.000000 150.000000 150.000000
17004 150.000000 150.000000 150.000000
17005 150.000000 150.000000 150.000000
17006 150.000000 150.000000 150.000000
17007 150.000000 150.000000 150.000000
17024 150.000000 150.000000 150.000000
17025 150.000000 150.000000 150.000000
17026 150.000000 150.000000 150.000000
17027 150.000000 150.000000 150.000000
17040 150.000000 150.000000 150.000000
17041 150.000000 150.000000 150.000000
17042 150.000000 150.000000 150.000000
17043 150.000000 150.000000 150.000000
17044 150.000000 150.000000 150.000000
17045 150.000000 150.000000 150.000000
17046 150.000000 150.000000 150.000000
17047 150.000000 150.000000 150.000000
17060 150.000000 150.000000 150.000000
17061 150.000000 150.000000 150.000000
17062 150.000000 150.000000 150.000000
17063 150.000000 150.000000 150.000000
17064 150.000000 150.000000 150.000000
17065 150.000000 150.000000 150.000000
17066 150.000000 150.000000 150.000000
17067 150.000000 150.000000 150.000000
17204 150.000000 150.000000 150.000000
17205 150.000000 150.000000 150.000000
17206 150.000000 150.000000 150.000000
17207 150.000000 150.000000 150.000000
17224 150.000000 150.000000 150.000000
17225 150.000000 150.000000 150.000000
17226 150.000000 150.000000 150.000000
17227 150.000000 150.000000 150.000000
17240 150.000000 150.000000 150.000000
17241 150.000000 150.000000 150.000000
17242 150.000000 150.000000 150.000000
17243 150.000000 150.000000 150.000000
17244 150.000000 150.000000 150.000000
17245 150.000000 150.000000 150.000000
17246 150.000000 150.000000 150.000000
17247 150.000000 150.000000 150.000000
17260 150.000000 150.000000 150.000000
17261 150.000000 150.000000 150.000000
17263 150.000000 150.000000 150.000000
17264 150.000000 150.000000 150.000000
17265 150.000000 150.000000 150.000000
17267 150.000000 150.000000 150.000000
17400 150.000000 150.000000 150.000000
17401 150.000000 150.000000 150.000000
17402 150.000000 150.000000 150.000000
17403 150.000000 150.000000 150.000000
17404 150.000000 150.000000 150.000000
17405 150.000000 150.000000 150.000000
17406 150.000000 150.000000 150.000000
17407 150.000000 150.000000 150.000000
17420 150.000000 150.000000 150.000000
17421 150.000000 150.000000 150.000000
17422 150.000000 150.000000 150.000000
17423 150.000000 150.000000 150.000000
17424 150.000000 150.000000 150.000000
17425 150.000000 150.000000 150.000000
17426 150.000000 150.000000 150.000000
17427 150.000000 150.000000 150.000000
17440 150.000000 150.000000 150.000000
17441 150.000000 150.000000 150.000000
17442 150.000000 150.000000 150.000000
17443 150.000000 150.000000 150.000000
17444 150.000000 150.000000 150.000000
17445 150.000000 150.000000 150.000000
17446 150.000000 150.000000 150.000000
17447 150.000000 150.000000 150.000000
17460 150.000000 150.000000 150.000000
17461 150.000000 150.000000 150.000000
17462 150.000000 150.000000 150.000000
17463 150.000000 150.000000 150.000000
17464 150.000000 150.000000 150.000000
17465 150.000000 150.000000 150.000000
17466 150.000000 150.000000 150.000000
17467 150.000000 150.000000 150.000000
17600 150.000000 150.000000 150.000000
17601 150.000000 150.000000 150.000000
17602 150.000000 150.000000 150.000000
17603 150.000000 150.000000 150.000000
17604 150.000000 150.000000 150.000000
17605 150.000000 150.000000 150.000000
17606 150.000000 150.000000 150.000000
17607 150.000000 150.000000 150.000000
17620 150.000000 150.000000 150.000000
17621 150.000000 150.000000 150.000000
17623 150.000000 150.000000 150.000000
17624 150.000000 150.000000 150.000000
17625 150.000000 150.000000 150.000000
17627 150.000000 150.000000 150.000000
17640 150.000000 150.000000 150.000000
17641 150.000000 150.000000 150.000000
17642 150.000000 150.000000 150.000000
17643 150.000000 150.000000 150.000000
17644 150.000000 150.000000 150.000000
17645 150.000000 150.000000 150.000000
17646 150.000000 150.000000 150.000000
17647 150.000000 150.000000 150.000000
17660 150.000000 150.000000 150.000000
17661 150.000000 150.000000 150.000000
17663 150.000000 150.000000 150.000000
17664 150.000000 150.000000 150.000000
17665 150.000000 150.000000 150.000000
17667 150.000000 150.000000 150.000000
24114 150.000000 150.000000 150.000000
24115 150.000000 150.000000 150.000000
24144 150.000000 150.000000 150.000000
24145 150.000000 150.000000 150.000000
24150 150.000000 150.000000 150.000000
24154 150.000000 150.000000 150.000000
24510 150.000000 150.000000 150.000000
24514 150.000000 150.000000 150.000000
24550 150.000000 150.000000 150.000000
24554 150.000000 150.000000 150.000000
25004 150.000000 150.000000 150.000000
25005 150.000000 150.000000 150.000000
25014 150.000000 150.000000 150.000000
25015 150.000000 150.000000 150.000000
25104 150.000000 150.000000 150.000000
25105 150.000000 150.000000 150.000000
25114 150.000000 150.000000 150.000000
25115 150.000000 150.000000 150.000000
34004 150.000000 150.000000 150.000000
34005 150.000000 150.000000 150.000000
34014 150.000000 150.000000 150.000000
34015 150.000000 150.000000 150.000000
34104 150.000000 150.000000 150.000000
34105 150.000000 150.000000 150.000000
34114 150.000000 150.000000 150.000000
34115 150.000000 150.000000 150.000000
35004 150.000000 150.000000 150.000000
35005 150.000000 150.000000 150.000000
35041 150.000000 150.000000 150.000000
35045 150.000000 150.000000 150.000000
35401 150.000000 150.000000 150.000000
35405 150.000000 150.000000 150.000000
35441 150.000000 150.000000 150.000000
35445 150.000000 150.000000 150.000000
40110 150.000000 150.000000 150.000000
40111 150.000000 150.000000 150.000000
40112 150.000000 150.000000 150.000000
40113 150.000000 150.000000 150.000000
40114 150.000000 150.000000 150.000000
40115 150.000000 150.000000 150.000000
40116 150.000000 150.000000 150.000000
40117 150.000000 150.000000 150.000000
40130 150.000000 150.000000 150.000000
40131 150.000000 150.000000 150.000000
40132 150.000000 150.000000 150.000000
40134 150.000000 150.000000 150.000000
40135 150.000000 150.000000 150.000000
40136 150.000000 150.000000 150.000000
40152 150.000000 150.000000 150.000000
40153 150.000000 150.000000 150.000000
40161 150.000000 150.000000 150.000000
40165 150.000000 150.000000 150.000000
40167 150.000000 150.000000 150.000000
40170 150.000000 150.000000 150.000000
40171 150.000000 150.000000 150.000000
40172 150.000000 150.000000 150.000000
40173 150.000000 150.000000 150.000000
40174 150.000000 150.000000 150.000000
40175 150.000000 150.000000 150.000000
40176 150.000000 150.000000 150.000000
40177 150.000000 150.000000 150.000000
40301 150.000000 150.000000 150.000000
40303 150.000000 150.000000 150.000000
40305 150.000000 150.000000 150.000000
40307 150.000000 150.000000 150.000000
40310 150.000000 150.000000 150.000000
40312 150.000000 150.000000 150.000000
40314 150.000000 150.000000 150.000000
40316 150.000000 150.000000 150.000000
40321 150.000000 150.000000 150.000000
40323 150.000000 150.000000 150.000000
40325 150.000000 150.000000 150.000000
40327 150.000000 150.000000 150.000000
40330 150.000000 150.000000 150.000000
40331 150.000000 150.000000 150.000000
40332 150.000000 150.000000 150.000000
40333 150.000000 150.000000 150.000000
40334 150.000000 150.000000 150.000000
40335 150.000000 150.000000 150.000000
40336 150.000000 150.000000 150.000000
40337 150.000000 150.000000 150.000000
40341 150.000000 150.000000 150.000000
40343 150.000000 150.000000 150.000000
40347 150.000000 150.000000 150.000000
40350 150.000000 150.000000 150.000000
40352 150.000000 150.000000 150.000000
40354 150.000000 150.000000 150.000000
40355 150.000000 150.000000 150.000000
40361 150.000000 150.000000 150.000000
40363 150.000000 150.000000 150.000000
40365 150.000000 150.000000 150.000000
40367 150.000000 150.000000 150.000000
40370 150.000000 150.000000 150.000000
40371 150.000000 150.000000 150.000000
40372 150.000000 150.000000 150.000000
40373 150.000000 150.000000 150.000000
40374 150.000000 150.000000 150.000000
40375 150.000000 150.000000 150.000000
40376 150.000000 150.000000 150.000000
40377 150.000000 150.000000 150.000000
40523 150.000000 150.000000 150.000000
40532 150.000000 150.000000 150.000000
40533 150.000000 150.000000 150.000000
40701 150.000000 150.000000 150.000000
40703 150.000000 150.000000 150.000000
40704 150.000000 150.000000 150.000000
40705 150.000000 150.000000 150.000000
40706 150.000000 150.000000 150.000000
40707 150.000000 150.000000 150.000000
40710 150.000000 150.000000 150.000000
40711 150.000000 150.000000 150.000000
40712 150.000000 150.000000 150.000000
40713 150.000000 150.000000 150.000000
40714 150.000000 150.000000 150.000000
40715 150.000000 150.000000 150.000000
40716 150.000000 150.000000 150.000000
40717 150.000000 150.000000 150.000000
40721 150.000000 150.000000 150.000000
40723 150.000000 150.000000 150.000000
40725 150.000000 150.000000 150.000000
40727 150.000000 150.000000 150.000000
40730 150.000000 150.000000 150.000000
40731 150.000000 150.000000 150.000000
40732 150.000000 150.000000 150.000000
40733 150.000000 150.000000 150.000000
40734 150.000000 150.000000 150.000000
40735 150.000000 150.000000 150.000000
40736 150.000000 150.000000 150.000000
40737 150.000000 150.000000 150.000000
40742 150.000000 150.000000 150.000000
40743 150.000000 150.000000 150.000000
40752 150.000000 150.000000 150.000000
40753 150.000000 150.000000 150.000000
40760 150.000000 150.000000 150.000000
40761 150.000000 150.000000 150.000000
40763 150.000000 150.000000 150.000000
40764 150.000000 150.000000 150.000000
40765 150.000000 150.000000 150.000000
40766 150.000000 150.000000 150.000000
40767 150.000000 150.000000 150.000000
40770 150.000000 150.000000 150.000000
40771 150.000000 150.000000 150.000000
40772 150.000000 150.000000 150.000000
40773 150.000000 150.000000 150.000000
40774 150.000000 150.000000 150.000000
40775 150.000000 150.000000 150.000000
40776 150.000000 150.000000 150.000000
40777 150.000000 150.000000 150.000000
41000 150.000000 150.000000 150.000000
41001 150.000000 150.000000 150.000000
41004 150.000000 150.000000 150.000000
41005 150.000000 150.000000 150.000000
41006 150.000000 150.000000 150.000000
41007 150.000000 150.000000 150.000000
41010 150.000000 150.000000 150.000000
41011 150.000000 150.000000 150.000000
41014 150.000000 150.000000 150.000000
41015 150.000000 150.000000 150.000000
41016 150.000000 150.000000 150.000000
41017 150.000000 150.000000 150.000000
41042 150.000000 150.000000 150.000000
41043 150.000000 150.000000 150.000000
41052 150.000000 150.000000 150.000000
41053 150.000000 150.000000 150.000000
41060 150.000000 150.000000 150.000000
41061 150.000000 150.000000 150.000000
41064 150.000000 150.000000 150.000000
41065 150.000000 150.000000 150.000000
41066 150.000000 150.000000 150.000000
41067 150.000000 150.000000 150.000000
41070 150.000000 150.000000 150.000000
41071 150.000000 150.000000 150.000000
41074 150.000000 150.000000 150.000000
41075 150.000000 150.000000 150.000000
41076 150.000000 150.000000 150.000000
41077 150.000000 150.000000 150.000000
41100 150.000000 150.000000 150.000000
41101 150.000000 150.000000 150.000000
41103 150.000000 150.000000 150.000000
41104 150.000000 150.000000 150.000000
41105 150.000000 150.000000 150.000000
41106 150.000000 150.000000 150.000000
41107 150.000000 150.000000 150.000000
41110 150.000000 150.000000 150.000000
41111 150.000000 150.000000 150.000000
41114 150.000000 150.000000 150.000000
41115 150.000000 150.000000 150.000000
41116 150.000000 150.000000 150.000000
41117 150.000000 150.000000 150.000000
41120 150.000000 150.000000 150.000000
41121 150.000000 150.000000 150.000000
41122 150.000000 150.000000 150.000000
41123 150.000000 150.000000 150.000000
41125 150.000000 150.000000 150.000000
41142 150.000000 150.000000 150.000000
41143 150.000000 150.000000 150.000000
41152 150.000000 150.000000 150.000000
41153 150.000000 150.000000 150.000000
41160 150.000000 150.000000 150.000000
41161 150.000000 150.000000 150.000000
41163 150.000000 150.000000 150.000000
41164 150.000000 150.000000 150.000000
41165 150.000000 150.000000 150.000000
41166 150.000000 150.000000 150.000000
41167 150.000000 150.000000 150.000000
41170 150.000000 150.000000 150.000000
41171 150.000000 150.000000 150.000000
41174 150.000000 150.000000 150.000000
41175 150.000000 150.000000 150.000000
41176 150.000000 150.000000 150.000000
41177 150.000000 150.000000 150.000000
41220 150.000000 150.000000 150.000000
41221 150.000000 150.000000 150.000000
41222 150.000000 150.000000 150.000000
41223 150.000000 150.000000 150.000000
41230 150.000000 150.000000 150.000000
41231 150.000000 150.000000 150.000000
41232 150.000000 150.000000 150.000000
41233 150.000000 150.000000 150.000000
41300 150.000000 150.000000 150.000000
41301 150.000000 150.000000 150.000000
41302 150.000000 150.000000 150.000000
41303 150.000000 150.000000 150.000000
41320 150.000000 150.000000 150.000000
41321 150.000000 150.000000 150.000000
41322 150.000000 150.000000 150.000000
41323 150.000000 150.000000 150.000000
41330 150.000000 150.000000 150.000000
41331 150.000000 150.000000 150.000000
41332 150.000000 150.000000 150.000000
41333 150.000000 150.000000 150.000000
41335 150.000000 150.000000 150.000000
41337 150.000000 150.000000 150.000000
41345 150.000000 150.000000 150.000000
41371 150.000000 150.000000 150.000000
41373 150.000000 150.000000 150.000000
41375 150.000000 150.000000 150.000000
41377 150.000000 150.000000 150.000000
41422 150.000000 150.000000 150.000000
41423 150.000000 150.000000 150.000000
41432 150.000000 150.000000 150.000000
41433 150.000000 150.000000 150.000000
41522 150.000000 150.000000 150.000000
41523 150.000000 150.000000 150.000000
41532 150.000000 150.000000 150.000000
41533 150.000000 150.000000 150.000000
41600 150.000000 150.000000 150.000000
41601 150.000000 150.000000 150.000000
41604 150.000000 150.000000 150.000000
41605 150.000000 150.000000 150.000000
41606 150.000000 150.000000 150.000000
41607 150.000000 150.000000 150.000000
41610 150.000000 150.000000 150.000000
41611 150.000000 150.000000 150.000000
41614 150.000000 150.000000 150.000000
41615 150.000000 150.000000 150.000000
41616 150.000000 150.000000 150.000000
41617 150.000000 150.000000 150.000000
41624 150.000000 150.000000 150.000000
41625 150.000000 150.000000 150.000000
41626 150.000000 150.000000 150.000000
41627 150.000000 150.000000 150.000000
41634 150.000000 150.000000 150.000000
41635 150.000000 150.000000 150.000000
41636 150.000000 150.000000 150.000000
41637 150.000000 150.000000 150.000000
41642 150.000000 150.000000 150.000000
41643 150.000000 150.000000 150.000000
41652 150.000000 150.000000 150.000000
41653 150.000000 150.000000 150.000000
41660 150.000000 150.000000 150.000000
41661 150.000000 150.000000 150.000000
41662 150.000000 150.000000 150.000000
41663 150.000000 150.000000 150.000000
41664 150.000000 150.000000 150.000000
41665 150.000000 150.000000 150.000000
41666 150.000000 150.000000 150.000000
41667 150.000000 150.000000 150.000000
41670 150.000000 150.000000 150.000000
41671 150.000000 150.000000 150.000000
41672 150.000000 150.000000 150.000000
41673 150.000000 150.000000 150.000000
41674 150.000000 150.000000 150.000000
41675 150.000000 150.000000 150.000000
41676 150.000000 150.000000 150.000000
41677 150.000000 150.000000 150.000000
41700 150.000000 150.000000 150.000000
41701 150.000000 150.000000 150.000000
41703 150.000000 150.000000 150.000000
41704 150.000000 150.000000 150.000000
41705 150.000000 150.000000 150.000000
41706 150.000000 150.000000 150.000000
41707 150.000000 150.000000 150.000000
41710 150.000000 150.000000 150.000000
41711 150.000000 150.000000 150.000000
41714 150.000000 150.000000 150.000000
41715 150.000000 150.000000 150.000000
41716 150.000000 150.000000 150.000000
41717 150.000000 150.000000 150.000000
41724 150.000000 150.000000 150.000000
41725 150.000000 150.000000 150.000000
41726 150.000000 150.000000 150.000000
41727 150.000000 150.000000 150.000000
41731 150.000000 150.000000 150.000000
41733 150.000000 150.000000 150.000000
41734 150.000000 150.000000 150.000000
41735 150.000000 150.000000 150.000000
41736 150.000000 150.000000 150.000000
41737 150.000000 150.000000 150.000000
41742 150.000000 150.000000 150.000000
41743 150.000000 150.000000 150.000000
41752 150.000000 150.000000 150.000000
41753 150.000000 150.000000 150.000000
41760 150.000000 150.000000 150.000000
41761 150.000000 150.000000 150.000000
41762 150.000000 150.000000 150.000000
41763 150.000000 150.000000 150.000000
41764 150.000000 150.000000 150.000000
41765 150.000000 150.000000 150.000000
41766 150.000000 150.000000 150.000000
41767 150.000000 150.000000 150.000000
41770 150.000000 150.000000 150.000000
41771 150.000000 150.000000 150.000000
41772 150.000000 150.000000 150.000000
41773 150.000000 150.000000 150.000000
41774 150.000000 150.000000 150.000000
41775 150.000000 150.000000 150.000000
41776 150.000000 150.000000 150.000000
41777 150.000000 150.000000 150.000000
42110 150.000000 150.000000 150.000000
42111 150.000000 150.000000 150.000000
42112 150.000000 150.000000 150.000000
42113 150.000000 150.000000 150.000000
42114 150.000000 150.000000 150.000000
42115 150.000000 150.000000 150.000000
42116 150.000000 150.000000 150.000000
42117 150.000000 150.000000 150.000000
42130 150.000000 150.000000 150.000000
42131 150.000000 150.000000 150.000000
42132 150.000000 150.000000 150.000000
42133 150.000000 150.000000 150.000000
42134 150.000000 150.000000 150.000000
42135 150.000000 150.000000 150.000000
42136 150.000000 150.000000 150.000000
42137 150.000000 150.000000 150.000000
42150 150.000000 150.000000 150.000000
42151 150.000000 150.000000 150.000000
42152 150.000000 150.000000 150.000000
42153 150.000000 150.000000 150.000000
42154 150.000000 150.000000 150.000000
42155 150.000000 150.000000 150.000000
42156 150.000000 150.000000 150.000000
42157 150.000000 150.000000 150.000000
42170 150.000000 150.000000 150.000000
42171 150.000000 150.000000 150.000000
42172 150.000000 150.000000 150.000000
42173 150.000000 150.000000 150.000000
42174 150.000000 150.000000 150.000000
42175 150.000000 150.000000 150.000000
42176 150.000000 150.000000 150.000000
42177 150.000000 150.000000 150.000000
42310 150.000000 150.000000 150.000000
42311 150.000000 150.000000 150.000000
42312 150.000000 150.000000 150.000000
42313 150.000000 150.000000 150.000000
42314 150.000000 150.000000 150.000000
42315 150.000000 150.000000 150.000000
42316 150.000000 150.000000 150.000000
42317 150.000000 150.000000 150.000000
42321 150.000000 150.000000 150.000000
42322 150.000000 150.000000 150.000000
42323 150.000000 150.000000 150.000000
42330 150.000000 150.000000 150.000000
42331 150.000000 150.000000 150.000000
42332 150.000000 150.000000 150.000000
42334 150.000000 150.000000 150.000000
42335 150.000000 150.000000 150.000000
42336 150.000000 150.000000 150.000000
42350 150.000000 150.000000 150.000000
42351 150.000000 150.000000 150.000000
42352 150.000000 150.000000 150.000000
42353 150.000000 150.000000 150.000000
42354 150.000000 150.000000 150.000000
42355 150.000000 150.000000 150.000000
42356 150.000000 150.000000 150.000000
42357 150.000000 150.000000 150.000000
42370 150.000000 150.000000 150.000000
42371 150.000000 150.000000 150.000000
42372 150.000000 150.000000 150.000000
42374 150.000000 150.000000 150.000000
42375 150.000000 150.000000 150.000000
42376 150.000000 150.000000 150.000000
42510 150.000000 150.000000 150.000000
42511 150.000000 150.000000 150.000000
42512 150.000000 150.000000 150.000000
42513 150.000000 150.000000 150.000000
42514 150.000000 150.000000 150.000000
42515 150.000000 150.000000 150.000000
42516 150.000000 150.000000 150.000000
42517 150.000000 150.000000 150.000000
42530 150.000000 150.000000 150.000000
42531 150.000000 150.000000 150.000000
42532 150.000000 150.000000 150.000000
42533 150.000000 150.000000 150.000000
42534 150.000000 150.000000 150.000000
42535 150.000000 150.000000 150.000000
42536 150.000000 150.000000 150.000000
42537 150.000000 150.000000 150.000000
42550 150.000000 150.000000 150.000000
42551 150.000000 150.000000 150.000000
42552 150.000000 150.000000 150.000000
42553 150.000000 150.000000 150.000000
42555 150.000000 150.000000 150.000000
42570 150.000000 150.000000 150.000000
42571 150.000000 150.000000 150.000000
42572 150.000000 150.000000 150.000000
42573 150.000000 150.000000 150.000000
42710 150.000000 150.000000 150.000000
42711 150.000000 150.000000 150.000000
42712 150.000000 150.000000 150.000000
42713 150.000000 150.000000 150.000000
42714 150.000000 150.000000 150.000000
42715 150.000000 150.000000 150.000000
42716 150.000000 150.000000 150.000000
42717 150.000000 150.000000 150.000000
42730 150.000000 150.000000 150.000000
42731 150.000000 150.000000 150.000000
42732 150.000000 150.000000 150.000000
42734 150.000000 150.000000 150.000000
42735 150.000000 150.000000 150.000000
42736 150.000000 150.000000 150.000000
42750 150.000000 150.000000 150.000000
42751 150.000000 150.000000 150.000000
42752 150.000000 150.000000 150.000000
42753 150.000000 150.000000 150.000000
42770 150.000000 150.000000 150.000000
42771 150.000000 150.000000 150.000000
42772 150.000000 150.000000 150.000000
42773 150.000000 150.000000 150.000000
43111 150.000000 150.000000 150.000000
43113 150.000000 150.000000 150.000000
43131 150.000000 150.000000 150.000000
43133 150.000000 150.000000 150.000000
43220 150.000000 150.000000 150.000000
43221 150.000000 150.000000 150.000000
43224 150.000000 150.000000 150.000000
43225 150.000000 150.000000 150.000000
43230 150.000000 150.000000 150.000000
43231 150.000000 150.000000 150.000000
43234 150.000000 150.000000 150.000000
43235 150.000000 150.000000 150.000000
43260 150.000000 150.000000 150.000000
43261 150.000000 150.000000 150.000000
43264 150.000000 150.000000 150.000000
43265 150.000000 150.000000 150.000000
43270 150.000000 150.000000 150.000000
43271 150.000000 150.000000 150.000000
43274 150.000000 150.000000 150.000000
43275 150.000000 150.000000 150.000000
43311 150.000000 150.000000 150.000000
43313 150.000000 150.000000 150.000000
43320 150.000000 150.000000 150.000000
43321 150.000000 150.000000 150.000000
43324 150.000000 150.000000 150.000000
43325 150.000000 150.000000 150.000000
43330 150.000000 150.000000 150.000000
43331 150.000000 150.000000 150.000000
43334 150.000000 150.000000 150.000000
43335 150.000000 150.000000 150.000000
43360 150.000000 150.000000 150.000000
43361 150.000000 150.000000 150.000000
43364 150.000000 150.000000 150.000000
43365 150.000000 150.000000 150.000000
43370 150.000000 150.000000 150.000000
43371 150.000000 150.000000 150.000000
43374 150.000000 150.000000 150.000000
43375 150.000000 150.000000 150.000000
43406 150.000000 150.000000 150.000000
43407 150.000000 150.000000 150.000000
43416 150.000000 150.000000 150.000000
43417 150.000000 150.000000 150.000000
43435 150.000000 150.000000 150.000000
43437 150.000000 150.000000 150.000000
43440 150.000000 150.000000 150.000000
43441 150.000000 150.000000 150.000000
43442 150.000000 150.000000 150.000000
43443 150.000000 150.000000 150.000000
43450 150.000000 150.000000 150.000000
43451 150.000000 150.000000 150.000000
43452 150.000000 150.000000 150.000000
43453 150.000000 150.000000 150.000000
43460 150.000000 150.000000 150.000000
43461 150.000000 150.000000 150.000000
43462 150.000000 150.000000 150.000000
43463 150.000000 150.000000 150.000000
43470 150.000000 150.000000 150.000000
43471 150.000000 150.000000 150.000000
43472 150.000000 150.000000 150.000000
43473 150.000000 150.000000 150.000000
43506 150.000000 150.000000 150.000000
43507 150.000000 150.000000 150.000000
43515 150.000000 150.000000 150.000000
43516 150.000000 150.000000 150.000000
43517 150.000000 150.000000 150.000000
43525 150.000000 150.000000 150.000000
43526 150.000000 150.000000 150.000000
43527 150.000000 150.000000 150.000000
43535 150.000000 150.000000 150.000000
43537 150.000000 150.000000 150.000000
43540 150.000000 150.000000 150.000000
43541 150.000000 150.000000 150.000000
43542 150.000000 150.000000 150.000000
43543 150.000000 150.000000 150.000000
43545 150.000000 150.000000 150.000000
43550 150.000000 150.000000 150.000000
43551 150.000000 150.000000 150.000000
43552 150.000000 150.000000 150.000000
43553 150.000000 150.000000 150.000000
43561 150.000000 150.000000 150.000000
43562 150.000000 150.000000 150.000000
43563 150.000000 150.000000 150.000000
43570 150.000000 150.000000 150.000000
43571 150.000000 150.000000 150.000000
43572 150.000000 150.000000 150.000000
43573 150.000000 150.000000 150.000000
43604 150.000000 150.000000 150.000000
43605 150.000000 150.000000 150.000000
43614 150.000000 150.000000 150.000000
43615 150.000000 150.000000 150.000000
43620 150.000000 150.000000 150.000000
43621 150.000000 150.000000 150.000000
43624 150.000000 150.000000 150.000000
43625 150.000000 150.000000 150.000000
43630 150.000000 150.000000 150.000000
43631 150.000000 150.000000 150.000000
43634 150.000000 150.000000 150.000000
43635 150.000000 150.000000 150.000000
43640 150.000000 150.000000 150.000000
43641 150.000000 150.000000 150.000000
43642 150.000000 150.000000 150.000000
43643 150.000000 150.000000 150.000000
43650 150.000000 150.000000 150.000000
43651 150.000000 150.000000 150.000000
43652 150.000000 150.000000 150.000000
43653 150.000000 150.000000 150.000000
43660 150.000000 150.000000 150.000000
43661 150.000000 150.000000 150.000000
43662 150.000000 150.000000 150.000000
43663 150.000000 150.000000 150.000000
43670 150.000000 150.000000 150.000000
43671 150.000000 150.000000 150.000000
43672 150.000000 150.000000 150.000000
43673 150.000000 150.000000 150.000000
43704 150.000000 150.000000 150.000000
43705 150.000000 150.000000 150.000000
43714 150.000000 150.000000 150.000000
43715 150.000000 150.000000 150.000000
43717 150.000000 150.000000 150.000000
43720 150.000000 150.000000 150.000000
43721 150.000000 150.000000 150.000000
43724 150.000000 150.000000 150.000000
43725 150.000000 150.000000 150.000000
43730 150.000000 150.000000 150.000000
43731 150.000000 150.000000 150.000000
43734 150.000000 150.000000 150.000000
43735 150.000000 150.000000 150.000000
43740 150.000000 150.000000 150.000000
43741 150.000000 150.000000 150.000000
43742 150.000000 150.000000 150.000000
43743 150.000000 150.000000 150.000000
43750 150.000000 150.000000 150.000000
43751 150.000000 150.000000 150.000000
43752 150.000000 150.000000 150.000000
43753 150.000000 150.000000 150.000000
43760 150.000000 150.000000 150.000000
43761 150.000000 150.000000 150.000000
43762 150.000000 150.000000 150.000000
43763 150.000000 150.000000 150.000000
43770 150.000000 150.000000 150.000000
43771 150.000000 150.000000 150.000000
43772 150.000000 150.000000 150.000000
43773 150.000000 150.000000 150.000000
44322 150.000000 150.000000 150.000000
44323 150.000000 150.000000 150.000000
44332 150.000000 150.000000 150.000000
44333 150.000000 150.000000 150.000000
45222 150.000000 150.000000 150.000000
45223 150.000000 150.000000 150.000000
45232 150.000000 150.000000 150.000000
45233 150.000000 150.000000 150.000000
45322 150.000000 150.000000 150.000000
45323 150.000000 150.000000 150.000000
45332 150.000000 150.000000 150.000000
45333 150.000000 150.000000 150.000000
46100 150.000000 150.000000 150.000000
46101 150.000000 150.000000 150.000000
46110 150.000000 150.000000 150.000000
46111 150.000000 150.000000 150.000000
47000 150.000000 150.000000 150.000000
47001 150.000000 150.000000 150.000000
47010 150.000000 150.000000 150.000000
47011 150.000000 150.000000 150.000000
47100 150.000000 150.000000 150.000000
47101 150.000000 150.000000 150.000000
47110 150.000000 150.000000 150.000000
47111 150.000000 150.000000 150.000000
50000 150.000000 150.000000 150.000000
50001 150.000000 150.000000 150.000000
50004 150.000000 150.000000 150.000000
50005 150.000000 150.000000 150.000000
50006 150.000000 150.000000 150.000000
50007 150.000000 150.000000 150.000000
50010 150.000000 150.000000 150.000000
50011 150.000000 150.000000 150.000000
50013 150.000000 150.000000 150.000000
50014 150.000000 150.000000 150.000000
50015 150.000000 150.000000 150.000000
50016 150.000000 150.000000 150.000000
50017 150.000000 150.000000 150.000000
50031 150.000000 150.000000 150.000000
50033 150.000000 150.000000 150.000000
50042 150.000000 150.000000 150.000000
50043 150.000000 150.000000 150.000000
50052 150.000000 150.000000 150.000000
50053 150.000000 150.000000 150.000000
50060 150.000000 150.000000 150.000000
50061 150.000000 150.000000 150.000000
50064 150.000000 150.000000 150.000000
50065 150.000000 150.000000 150.000000
50066 150.000000 150.000000 150.000000
50067 150.000000 150.000000 150.000000
50070 150.000000 150.000000 150.000000
50071 150.000000 150.000000 150.000000
50074 150.000000 150.000000 150.000000
50075 150.000000 150.000000 150.000000
50076 150.000000 150.000000 150.000000
50077 150.000000 150.000000 150.000000
50100 150.000000 150.000000 150.000000
50101 150.000000 150.000000 150.000000
50102 150.000000 150.000000 150.000000
50104 150.000000 150.000000 150.000000
50105 150.000000 150.000000 150.000000
50106 150.000000 150.000000 150.000000
50107 150.000000 150.000000 150.000000
50110 150.000000 150.000000 150.000000
50111 150.000000 150.000000 150.000000
50114 150.000000 150.000000 150.000000
50115 150.000000 150.000000 150.000000
50116 150.000000 150.000000 150.000000
50117 150.000000 150.000000 150.000000
50124 150.000000 150.000000 150.000000
50142 150.000000 150.000000 150.000000
50143 150.000000 150.000000 150.000000
50152 150.000000 150.000000 150.000000
50153 150.000000 150.000000 150.000000
50160 150.000000 150.000000 150.000000
50161 150.000000 150.000000 150.000000
50162 150.000000 150.000000 150.000000
50164 150.000000 150.000000 150.000000
50165 150.000000 150.000000 150.000000
50166 150.000000 150.000000 150.000000
50167 150.000000 150.000000 150.000000
50170 150.000000 150.000000 150.000000
50171 150.000000 150.000000 150.000000
50174 150.000000 150.000000 150.000000
50175 150.000000 150.000000 150.000000
50176 150.000000 150.000000 150.000000
50177 150.000000 150.000000 150.000000
50211 150.000000 150.000000 150.000000
50213 150.000000 150.000000 150.000000
50220 150.000000 150.000000 150.000000
50221 150.000000 150.000000 150.000000
50222 150.000000 150.000000 150.000000
50223 150.000000 150.000000 150.000000
50224 150.000000 150.000000 150.000000
50226 150.000000 150.000000 150.000000
50230 150.000000 150.000000 150.000000
50231 150.000000 150.000000 150.000000
50232 150.000000 150.000000 150.000000
50233 150.000000 150.000000 150.000000
50260 150.000000 150.000000 150.000000
50262 150.000000 150.000000 150.000000
50264 150.000000 150.000000 150.000000
50266 150.000000 150.000000 150.000000
50320 150.000000 150.000000 150.000000
50321 150.000000 150.000000 150.000000
50322 150.000000 150.000000 150.000000
50323 150.000000 150.000000 150.000000
50330 150.000000 150.000000 150.000000
50331 150.000000 150.000000 150.000000
50332 150.000000 150.000000 150.000000
50333 150.000000 150.000000 150.000000
50344 150.000000 150.000000 150.000000
50422 150.000000 150.000000 150.000000
50423 150.000000 150.000000 150.000000
50432 150.000000 150.000000 150.000000
50433 150.000000 150.000000 150.000000
50522 150.000000 150.000000 150.000000
50523 150.000000 150.000000 150.000000
50532 150.000000 150.000000 150.000000
50533 150.000000 150.000000 150.000000
50600 150.000000 150.000000 150.000000
50601 150.000000 150.000000 150.000000
50604 150.000000 150.000000 150.000000
50605 150.000000 150.000000 150.000000
50606 150.000000 150.000000 150.000000
50607 150.000000 150.000000 150.000000
50610 150.000000 150.000000 150.000000
50611 150.000000 150.000000 150.000000
50614 150.000000 150.000000 150.000000
50615 150.000000 150.000000 150.000000
50616 150.000000 150.000000 150.000000
50617 150.000000 150.000000 150.000000
50620 150.000000 150.000000 150.000000
50622 150.000000 150.000000 150.000000
50624 150.000000 150.000000 150.000000
50625 150.000000 150.000000 150.000000
50626 150.000000 150.000000 150.000000
50627 150.000000 150.000000 150.000000
50634 150.000000 150.000000 150.000000
50635 150.000000 150.000000 150.000000
50636 150.000000 150.000000 150.000000
50637 150.000000 150.000000 150.000000
50642 150.000000 150.000000 150.000000
50643 150.000000 150.000000 150.000000
50652 150.000000 150.000000 150.000000
50653 150.000000 150.000000 150.000000
50660 150.000000 150.000000 150.000000
50661 150.000000 150.000000 150.000000
50662 150.000000 150.000000 150.000000
50663 150.000000 150.000000 150.000000
50664 150.000000 150.000000 150.000000
50665 150.000000 150.000000 150.000000
50666 150.000000 150.000000 150.000000
50667 150.000000 150.000000 150.000000
50670 150.000000 150.000000 150.000000
50671 150.000000 150.000000 150.000000
50672 150.000000 150.000000 150.000000
50673 150.000000 150.000000 150.000000
50674 150.000000 150.000000 150.000000
50675 150.000000 150.000000 150.000000
50676 150.000000 150.000000 150.000000
50677 150.000000 150.000000 150.000000
50700 150.000000 150.000000 150.000000
50701 150.000000 150.000000 150.000000
50702 150.000000 150.000000 150.000000
50704 150.000000 150.000000 150.000000
50705 150.000000 150.000000 150.000000
50706 150.000000 150.000000 150.000000
50707 150.000000 150.000000 150.000000
50710 150.000000 150.000000 150.000000
50711 150.000000 150.000000 150.000000
50714 150.000000 150.000000 150.000000
50715 150.000000 150.000000 150.000000
50716 150.000000 150.000000 150.000000
50717 150.000000 150.000000 150.000000
50724 150.000000 150.000000 150.000000
50725 150.000000 150.000000 150.000000
50726 150.000000 150.000000 150.000000
50727 150.000000 150.000000 150.000000
50734 150.000000 150.000000 150.000000
50735 150.000000 150.000000 150.000000
50736 150.000000 150.000000 150.000000
50737 150.000000 150.000000 150.000000
50742 150.000000 150.000000 150.000000
50743 150.000000 150.000000 150.000000
50752 150.000000 150.000000 150.000000
50753 150.000000 150.000000 150.000000
50760 150.000000 150.000000 150.000000
50761 150.000000 150.000000 150.000000
50762 150.000000 150.000000 150.000000
50763 150.000000 150.000000 150.000000
50764 150.000000 150.000000 150.000000
50765 150.000000 150.000000 150.000000
50766 150.000000 150.000000 150.000000
50767 150.000000 150.000000 150.000000
50770 150.000000 150.000000 150.000000
50771 150.000000 150.000000 150.000000
50772 150.000000 150.000000 150.000000
50773 150.000000 150.000000 150.000000
50774 150.000000 150.000000 150.000000
50775 150.000000 150.000000 150.000000
50776 150.000000 150.000000 150.000000
50777 150.000000 150.000000 150.000000
51000 150.000000 150.000000 150.000000
51001 150.000000 150.000000 150.000000
51004 150.000000 150.000000 150.000000
51005 150.000000 150.000000 150.000000
51006 150.000000 150.000000 150.000000
51007 150.000000 150.000000 150.000000
51020 150.000000 150.000000 150.000000
51021 150.000000 150.000000 150.000000
51022 150.000000 150.000000 150.000000
51023 150.000000 150.000000 150.000000
51024 150.000000 150.000000 150.000000
51025 150.000000 150.000000 150.000000
51026 150.000000 150.000000 150.000000
51027 150.000000 150.000000 150.000000
51042 150.000000 150.000000 150.000000
51043 150.000000 150.000000 150.000000
51060 150.000000 150.000000 150.000000
51061 150.000000 150.000000 150.000000
51062 150.000000 150.000000 150.000000
51063 150.000000 150.000000 150.000000
51064 150.000000 150.000000 150.000000
51065 150.000000 150.000000 150.000000
51066 150.000000 150.000000 150.000000
51067 150.000000 150.000000 150.000000
51070 150.000000 150.000000 150.000000
51200 150.000000 150.000000 150.000000
51201 150.000000 150.000000 150.000000
51202 150.000000 150.000000 150.000000
51203 150.000000 150.000000 150.000000
51204 150.000000 150.000000 150.000000
51205 150.000000 150.000000 150.000000
51206 150.000000 150.000000 150.000000
51207 150.000000 150.000000 150.000000
51220 150.000000 150.000000 150.000000
51221 150.000000 150.000000 150.000000
51222 150.000000 150.000000 150.000000
51224 150.000000 150.000000 150.000000
51225 150.000000 150.000000 150.000000
51226 150.000000 150.000000 150.000000
51227 150.000000 150.000000 150.000000
51240 150.000000 150.000000 150.000000
51241 150.000000 150.000000 150.000000
51242 150.000000 150.000000 150.000000
51243 150.000000 150.000000 150.000000
51244 150.000000 150.000000 150.000000
51245 150.000000 150.000000 150.000000
51246 150.000000 150.000000 150.000000
51247 150.000000 150.000000 150.000000
51260 150.000000 150.000000 150.000000
51261 150.000000 150.000000 150.000000
51262 150.000000 150.000000 150.000000
51263 150.000000 150.000000 150.000000
51264 150.000000 150.000000 150.000000
51265 150.000000 150.000000 150.000000
51266 150.000000 150.000000 150.000000
51267 150.000000 150.000000 150.000000
51422 150.000000 150.000000 150.000000
51423 150.000000 150.000000 150.000000
51432 150.000000 150.000000 150.000000
51600 150.000000 150.000000 150.000000
51601 150.000000 150.000000 150.000000
51602 150.000000 150.000000 150.000000
51603 150.000000 150.000000 150.000000
51604 150.000000 150.000000 150.000000
51605 150.000000 150.000000 150.000000
51606 150.000000 150.000000 150.000000
51607 150.000000 150.000000 150.000000
51610 150.000000 150.000000 150.000000
51614 150.000000 150.000000 150.000000
51616 150.000000 150.000000 150.000000
51620 150.000000 150.000000 150.000000
51621 150.000000 150.000000 150.000000
51622 150.000000 150.000000 150.000000
51623 150.000000 150.000000 150.000000
51624 150.000000 150.000000 150.000000
51625 150.000000 150.000000 150.000000
51626 150.000000 150.000000 150.000000
51627 150.000000 150.000000 150.000000
51642 150.000000 150.000000 150.000000
51643 150.000000 150.000000 150.000000
51652 150.000000 150.000000 150.000000
51660 150.000000 150.000000 150.000000
51661 150.000000 150.000000 150.000000
51662 150.000000 150.000000 150.000000
51663 150.000000 150.000000 150.000000
51664 150.000000 150.000000 150.000000
51665 150.000000 150.000000 150.000000
51666 150.000000 150.000000 150.000000
51667 150.000000 150.000000 150.000000
51670 150.000000 150.000000 150.000000
51671 150.000000 150.000000 150.000000
51674 150.000000 150.000000 150.000000
51675 150.000000 150.000000 150.000000
51676 150.000000 150.000000 150.000000
51677 150.000000 150.000000 150.000000
52000 150.000000 150.000000 150.000000
52002 150.000000 150.000000 150.000000
52020 150.000000 150.000000 150.000000
52022 150.000000 150.000000 150.000000
52200 150.000000 150.000000 150.000000
52202 150.000000 150.000000 150.000000
52220 150.000000 150.000000 150.000000
52221 150.000000 150.000000 150.000000
52224 150.000000 150.000000 150.000000
52225 150.000000 150.000000 150.000000
52230 150.000000 150.000000 150.000000
52231 150.000000 150.000000 150.000000
52234 150.000000 150.000000 150.000000
52235 150.000000 150.000000 150.000000
52260 150.000000 150.000000 150.000000
52261 150.000000 150.000000 150.000000
52264 150.000000 150.000000 150.000000
52265 150.000000 150.000000 150.000000
52270 150.000000 150.000000 150.000000
52271 150.000000 150.000000 150.000000
52274 150.000000 150.000000 150.000000
52275 150.000000 150.000000 150.000000
52320 150.000000 150.000000 150.000000
52321 150.000000 150.000000 150.000000
52324 150.000000 150.000000 150.000000
52325 150.000000 150.000000 150.000000
52330 150.000000 150.000000 150.000000
52331 150.000000 150.000000 150.000000
52334 150.000000 150.000000 150.000000
52335 150.000000 150.000000 150.000000
52360 150.000000 150.000000 150.000000
52361 150.000000 150.000000 150.000000
52364 150.000000 150.000000 150.000000
52365 150.000000 150.000000 150.000000
52370 150.000000 150.000000 150.000000
52371 150.000000 150.000000 150.000000
52374 150.000000 150.000000 150.000000
52375 150.000000 150.000000 150.000000
52404 150.000000 150.000000 150.000000
52406 150.000000 150.000000 150.000000
52407 150.000000 150.000000 150.000000
52416 150.000000 150.000000 150.000000
52417 150.000000 150.000000 150.000000
52424 150.000000 150.000000 150.000000
52426 150.000000 150.000000 150.000000
52434 150.000000 150.000000 150.000000
52435 150.000000 150.000000 150.000000
52436 150.000000 150.000000 150.000000
52437 150.000000 150.000000 150.000000
52440 150.000000 150.000000 150.000000
52441 150.000000 150.000000 150.000000
52442 150.000000 150.000000 150.000000
52443 150.000000 150.000000 150.000000
52450 150.000000 150.000000 150.000000
52451 150.000000 150.000000 150.000000
52452 150.000000 150.000000 150.000000
52453 150.000000 150.000000 150.000000
52460 150.000000 150.000000 150.000000
52461 150.000000 150.000000 150.000000
52462 150.000000 150.000000 150.000000
52463 150.000000 150.000000 150.000000
52470 150.000000 150.000000 150.000000
52471 150.000000 150.000000 150.000000
52472 150.000000 150.000000 150.000000
52473 150.000000 150.000000 150.000000
52506 150.000000 150.000000 150.000000
52507 150.000000 150.000000 150.000000
52516 150.000000 150.000000 150.000000
52517 150.000000 150.000000 150.000000
52524 150.000000 150.000000 150.000000
52525 150.000000 150.000000 150.000000
52526 150.000000 150.000000 150.000000
52527 150.000000 150.000000 150.000000
52540 150.000000 150.000000 150.000000
52541 150.000000 150.000000 150.000000
52542 150.000000 150.000000 150.000000
52543 150.000000 150.000000 150.000000
52544 150.000000 150.000000 150.000000
52550 150.000000 150.000000 150.000000
52551 150.000000 150.000000 150.000000
52552 150.000000 150.000000 150.000000
52553 150.000000 150.000000 150.000000
52560 150.000000 150.000000 150.000000
52561 150.000000 150.000000 150.000000
52562 150.000000 150.000000 150.000000
52563 150.000000 150.000000 150.000000
52570 150.000000 150.000000 150.000000
52571 150.000000 150.000000 150.000000
52572 150.000000 150.000000 150.000000
52573 150.000000 150.000000 150.000000
52604 150.000000 150.000000 150.000000
52605 150.000000 150.000000 150.000000
52606 150.000000 150.000000 150.000000
52614 150.000000 150.000000 150.000000
52615 150.000000 150.000000 150.000000
52620 150.000000 150.000000 150.000000
52621 150.000000 150.000000 150.000000
52624 150.000000 150.000000 150.000000
52625 150.000000 150.000000 150.000000
52630 150.000000 150.000000 150.000000
52631 150.000000 150.000000 150.000000
52634 150.000000 150.000000 150.000000
52635 150.000000 150.000000 150.000000
52640 150.000000 150.000000 150.000000
52641 150.000000 150.000000 150.000000
52642 150.000000 150.000000 150.000000
52643 150.000000 150.000000 150.000000
52650 150.000000 150.000000 150.000000
52651 150.000000 150.000000 150.000000
52652 150.000000 150.000000 150.000000
52653 150.000000 150.000000 150.000000
52660 150.000000 150.000000 150.000000
52661 150.000000 150.000000 150.000000
52662 150.000000 150.000000 150.000000
52663 150.000000 150.000000 150.000000
52670 150.000000 150.000000 150.000000
52671 150.000000 150.000000 150.000000
52672 150.000000 150.000000 150.000000
52673 150.000000 150.000000 150.000000
52704 150.000000 150.000000 150.000000
52705 150.000000 150.000000 150.000000
52714 150.000000 150.000000 150.000000
52715 150.000000 150.000000 150.000000
52720 150.000000 150.000000 150.000000
52721 150.000000 150.000000 150.000000
52724 150.000000 150.000000 150.000000
52725 150.000000 150.000000 150.000000
52730 150.000000 150.000000 150.000000
52731 150.000000 150.000000 150.000000
52734 150.000000 150.000000 150.000000
52735 150.000000 150.000000 150.000000
52740 150.000000 150.000000 150.000000
52741 150.000000 150.000000 150.000000
52742 150.000000 150.000000 150.000000
52743 150.000000 150.000000 150.000000
52750 150.000000 150.000000 150.000000
52751 150.000000 150.000000 150.000000
52752 150.000000 150.000000 150.000000
52753 150.000000 150.000000 150.000000
52760 150.000000 150.000000 150.000000
52761 150.000000 150.000000 150.000000
52762 150.000000 150.000000 150.000000
52763 150.000000 150.000000 150.000000
52770 150.000000 150.000000 150.000000
52771 150.000000 150.000000 150.000000
52772 150.000000 150.000000 150.000000
52773 150.000000 150.000000 150.000000
53000 150.000000 150.000000 150.000000
53001 150.000000 150.000000 150.000000
53002 150.000000 150.000000 150.000000
53003 150.000000 150.000000 150.000000
53004 150.000000 150.000000 150.000000
53005 150.000000 150.000000 150.000000
53006 150.000000 150.000000 150.000000
53007 150.000000 150.000000 150.000000
53020 150.000000 150.000000 150.000000
53021 150.000000 150.000000 150.000000
53022 150.000000 150.000000 150.000000
53023 150.000000 150.000000 150.000000
53024 150.000000 150.000000 150.000000
53025 150.000000 150.000000 150.000000
53026 150.000000 150.000000 150.000000
53027 150.000000 150.000000 150.000000
53040 150.000000 150.000000 150.000000
53041 150.000000 150.000000 150.000000
53042 150.000000 150.000000 150.000000
53043 150.000000 150.000000 150.000000
53044 150.000000 150.000000 150.000000
53045 150.000000 150.000000 150.000000
53046 150.000000 150.000000 150.000000
53047 150.000000 150.000000 150.000000
53060 150.000000 150.000000 150.000000
53061 150.000000 150.000000 150.000000
53062 150.000000 150.000000 150.000000
53063 150.000000 150.000000 150.000000
53064 150.000000 150.000000 150.000000
53065 150.000000 150.000000 150.000000
53066 150.000000 150.000000 150.000000
53067 150.000000 150.000000 150.000000
53200 150.000000 150.000000 150.000000
53202 150.000000 150.000000 150.000000
53203 150.000000 150.000000 150.000000
53204 150.000000 150.000000 150.000000
53205 150.000000 150.000000 150.000000
53206 150.000000 150.000000 150.000000
53207 150.000000 150.000000 150.000000
53220 150.000000 150.000000 150.000000
53221 150.000000 150.000000 150.000000
53223 150.000000 150.000000 150.000000
53224 150.000000 150.000000 150.000000
53225 150.000000 150.000000 150.000000
53227 150.000000 150.000000 150.000000
53240 150.000000 150.000000 150.000000
53241 150.000000 150.000000 150.000000
53242 150.000000 150.000000 150.000000
53243 150.000000 150.000000 150.000000
53244 150.000000 150.000000 150.000000
53245 150.000000 150.000000 150.000000
53246 150.000000 150.000000 150.000000
53247 150.000000 150.000000 150.000000
53260 150.000000 150.000000 150.000000
53261 150.000000 150.000000 150.000000
53263 150.000000 150.000000 150.000000
53264 150.000000 150.000000 150.000000
53265 150.000000 150.000000 150.000000
53267 150.000000 150.000000 150.000000
53400 150.000000 150.000000 150.000000
53401 150.000000 150.000000 150.000000
53402 150.000000 150.000000 150.000000
53403 150.000000 150.000000 150.000000
53404 150.000000 150.000000 150.000000
53405 150.000000 150.000000 150.000000
53406 150.000000 150.000000 150.000000
53407 150.000000 150.000000 150.000000
53420 150.000000 150.000000 150.000000
53421 150.000000 150.000000 150.000000
53422 150.000000 150.000000 150.000000
53423 150.000000 150.000000 150.000000
53424 150.000000 150.000000 150.000000
53425 150.000000 150.000000 150.000000
53426 150.000000 150.000000 150.000000
53427 150.000000 150.000000 150.000000
53440 150.000000 150.000000 150.000000
53441 150.000000 150.000000 150.000000
53442 150.000000 150.000000 150.000000
53443 150.000000 150.000000 150.000000
53460 150.000000 150.000000 150.000000
53461 150.000000 150.000000 150.000000
53462 150.000000 150.000000 150.000000
53463 150.000000 150.000000 150.000000
53600 150.000000 150.000000 150.000000
53601 150.000000 150.000000 150.000000
53602 150.000000 150.000000 150.000000
53603 150.000000 150.000000 150.000000
53604 150.000000 150.000000 150.000000
53605 150.000000 150.000000 150.000000
53606 150.000000 150.000000 150.000000
53607 150.000000 150.000000 150.000000
53620 150.000000 150.000000 150.000000
53621 150.000000 150.000000 150.000000
53623 150.000000 150.000000 150.000000
53624 150.000000 150.000000 150.000000
53625 150.000000 150.000000 150.000000
53627 150.000000 150.000000 150.000000
53640 150.000000 150.000000 150.000000
53641 150.000000 150.000000 150.000000
53642 150.000000 150.000000 150.000000
53643 150.000000 150.000000 150.000000
53660 150.000000 150.000000 150.000000
53661 150.000000 150.000000 150.000000
53662 150.000000 150.000000 150.000000
53663 150.000000 150.000000 150.000000
54222 150.000000 150.000000 150.000000
54223 150.000000 150.000000 150.000000
54232 150.000000 150.000000 150.000000
54233 150.000000 150.000000 150.000000
54322 150.000000 150.000000 150.000000
54323 150.000000 150.000000 150.000000
54332 150.000000 150.000000 150.000000
54333 150.000000 150.000000 150.000000
55222 150.000000 150.000000 150.000000
55223 150.000000 150.000000 150.000000
55232 150.000000 150.000000 150.000000
55233 150.000000 150.000000 150.000000
56000 150.000000 150.000000 150.000000
56001 150.000000 150.000000 150.000000
56010 150.000000 150.000000 150.000000
56011 150.000000 150.000000 150.000000
56100 150.000000 150.000000 150.000000
56101 150.000000 150.000000 150.000000
56110 150.000000 150.000000 150.000000
56111 150.000000 150.000000 150.000000
57000 150.000000 150.000000 150.000000
57001 150.000000 150.000000 150.000000
57010 150.000000 150.000000 150.000000
57011 150.000000 150.000000 150.000000
60100 150.000000 150.000000 150.000000
60101 150.000000 150.000000 150.000000
60110 150.000000 150.000000 150.000000
60114 150.000000 150.000000 150.000000
60150 150.000000 150.000000 150.000000
60154 150.000000 150.000000 150.000000
60510 150.000000 150.000000 150.000000
60514 150.000000 150.000000 150.000000
60550 150.000000 150.000000 150.000000
60551 150.000000 150.000000 150.000000
61440 150.000000 150.000000 150.000000
61441 150.000000 150.000000 150.000000
61450 150.000000 150.000000 150.000000
61451 150.000000 150.000000 150.000000
61540 150.000000 150.000000 150.000000
61541 150.000000 150.000000 150.000000
61550 150.000000 150.000000 150.000000
61551 150.000000 150.000000 150.000000
70440 150.000000 150.000000 150.000000
70441 150.000000 150.000000 150.000000
70450 150.000000 150.000000 150.000000
70451 150.000000 150.000000 150.000000
70540 150.000000 150.000000 150.000000
70541 150.000000 150.000000 150.000000
70550 150.000000 150.000000 150.000000
70551 150.000000 150.000000 150.000000
71001 150.000000 150.000000 150.000000
71005 150.000000 150.000000 150.000000
71041 150.000000 150.000000 150.000000
71045 150.000000 150.000000 150.000000
71401 150.000000 150.000000 150.000000
71405 150.000000 150.000000 150.000000
71440 150.000000 150.000000 150.000000
71441 150.000000 150.000000 150.000000