4.000000
5
05732 109.000000 170.000000 171.000000
05733 17.000000 224.000000 49.000000
05736 148.000000 189.000000 37.000000
05737 74.000000 94.000000 5.000000
05751 228.000000 137.000000 207.000000
05753 110.000000 183.000000 118.000000
05755 244.000000 13.000000 56.000000
05757 30.000000 100.000000 152.000000
05771 213.000000 80.000000 225.000000
05772 120.000000 76.000000 4.000000
05773 163.000000 119.000000 143.000000
05774 132.000000 168.000000 124.000000
05775 193.000000 77.000000 142.000000
05776 33.000000 82.000000 162.000000
05777 170.000000 161.000000 108.000000
07154 98.000000 152.000000 81.000000
07155 111.000000 80.000000 192.000000
07277 83.000000 233.000000 53.000000
07362 164.000000 75.000000 210.000000
07363 112.000000 79.000000 40.000000
07366 104.000000 94.000000 32.000000
07367 144.000000 219.000000 195.000000
07372 222.000000 233.000000 199.000000
07373 176.000000 12.000000 138.000000
07376 210.000000 121.000000 171.000000
07377 107.000000 74.000000 213.000000
07510 59.000000 138.000000 184.000000
07511 37.000000 191.000000 40.000000
07514 240.000000 18.000000 251.000000
07515 64.000000 58.000000 160.000000
07517 159.000000 91.000000 144.000000
07550 250.000000 158.000000 120.000000
07551 228.000000 103.000000 10.000000
07552 240.000000 241.000000 232.000000
07553 233.000000 29.000000 153.000000
07554 53.000000 242.000000 108.000000
07555 191.000000 171.000000 87.000000
07556 0.000000 84.000000 19.000000
07557 145.000000 80.000000 183.000000
07571 204.000000 112.000000 168.000000
07575 167.000000 128.000000 233.000000
07577 197.000000 249.000000 9.000000
07632 45.000000 4.000000 131.000000
07633 158.000000 236.000000 231.000000
07636 187.000000 6.000000 88.000000
07637 175.000000 242.000000 67.000000
07672 218.000000 201.000000 247.000000
07673 47.000000 220.000000 55.000000
07676 127.000000 149.000000 55.000000
07677 111.000000 62.000000 73.000000
07722 240.000000 167.000000 149.000000
07723 234.000000 48.000000 188.000000
07726 238.000000 179.000000 130.000000
07727 91.000000 155.000000 176.000000
07732 224.000000 116.000000 206.000000
07733 211.000000 183.000000 139.000000
07736 30.000000 175.000000 186.000000
07737 250.000000 230.000000 149.000000
07753 144.000000 158.000000 69.000000
07755 79.000000 231.000000 196.000000
07757 118.000000 252.000000 53.000000
07762 167.000000 185.000000 38.000000
07763 218.000000 60.000000 144.000000
07766 246.000000 108.000000 127.000000
07767 107.000000 60.000000 90.000000
07771 162.000000 71.000000 59.000000
07772 82.000000 129.000000 143.000000
07773 184.000000 23.000000 173.000000
07775 87.000000 92.000000 168.000000
07776 190.000000 161.000000 185.000000
07777 187.000000 86.000000 136.000000
14622 244.000000 251.000000 254.000000
14626 50.000000 140.000000 38.000000
14640 158.000000 139.000000 2.000000
14642 90.000000 101.000000 120.000000
14644 161.000000 160.000000 227.000000
14646 35.000000 48.000000 134.000000
14647 186.000000 93.000000 88.000000
14660 150.000000 7.000000 17.000000
14662 183.000000 64.000000 232.000000
14664 14.000000 200.000000 39.000000
14665 137.000000 199.000000 99.000000
14666 22.000000 238.000000 88.000000
14667 33.000000 112.000000 138.000000
16262 134.000000 232.000000 169.000000
16263 167.000000 76.000000 131.000000
16266 87.000000 82.000000 38.000000
16267 181.000000 42.000000 200.000000
16272 188.000000 59.000000 3.000000
16273 124.000000 163.000000 26.000000
16276 69.000000 75.000000 209.000000
16277 140.000000 46.000000 96.000000
16366 250.000000 134.000000 233.000000
16400 107.000000 145.000000 128.000000
16404 211.000000 186.000000 161.000000
16406 159.000000 62.000000 168.000000
16440 241.000000 227.000000 207.000000
16441 28.000000 173.000000 39.000000
16442 215.000000 48.000000 220.000000
16443 250.000000 74.000000 25.000000
16444 70.000000 29.000000 149.000000
16445 116.000000 252.000000 90.000000
16446 123.000000 230.000000 231.000000
16447 13.000000 103.000000 226.000000
16460 71.000000 137.000000 206.000000
16461 133.000000 177.000000 34.000000
16462 106.000000 129.000000 194.000000
16464 151.000000 168.000000 180.000000
16465 199.000000 6.000000 81.000000
16466 146.000000 31.000000 41.000000
16467 175.000000 53.000000 163.000000
16622 44.000000 143.000000 106.000000
16623 19.000000 246.000000 222.000000
16626 250.000000 90.000000 217.000000
16627 132.000000 168.000000 102.000000
16632 181.000000 202.000000 173.000000
16633 55.000000 141.000000 179.000000
16636 95.000000 194.000000 30.000000
16637 101.000000 20.000000 53.000000
16642 5.000000 188.000000 252.000000
16644 58.000000 223.000000 143.000000
16645 73.000000 74.000000 190.000000
16646 192.000000 169.000000 106.000000
16660 27.000000 131.000000 126.000000
16662 67.000000 106.000000 121.000000
16663 14.000000 24.000000 125.000000
16664 28.000000 203.000000 51.000000
16666 222.000000 105.000000 233.000000
16667 114.000000 158.000000 73.000000
16672 174.000000 28.000000 175.000000
16673 142.000000 43.000000 52.000000
16676 89.000000 106.000000 110.000000
16677 3.000000 212.000000 55.000000
16722 6.000000 83.000000 247.000000
16723 112.000000 76.000000 146.000000
16726 137.000000 201.000000 213.000000
16727 212.000000 124.000000 228.000000
16762 63.000000 229.000000 1.000000
16763 93.000000 48.000000 95.000000
16766 121.000000 95.000000 81.000000
16767 165.000000 147.000000 0.000000
25055 16.000000 129.000000 14.000000
25140 228.000000 184.000000 103.000000
25141 57.000000 177.000000 233.000000
25144 5.000000 68.000000 240.000000
25150 207.000000 27.000000 97.000000
25151 203.000000 127.000000 106.000000
25410 178.000000 0.000000 191.000000
25411 98.000000 95.000000 126.000000
25414 193.000000 176.000000 219.000000
25450 212.000000 48.000000 86.000000
25454 86.000000 189.000000 251.000000
34040 142.000000 38.000000 139.000000
34041 191.000000 143.000000 112.000000
34050 5.000000 128.000000 41.000000
34051 159.000000 98.000000 47.000000
34055 158.000000 76.000000 126.000000
34144 158.000000 139.000000 74.000000
34500 125.000000 10.000000 124.000000
34501 173.000000 102.000000 222.000000
34505 221.000000 188.000000 160.000000
34541 155.000000 56.000000 244.000000
34545 65.000000 195.000000 75.000000
41313 209.000000 179.000000 218.000000
41317 209.000000 221.000000 154.000000
41330 52.000000 13.000000 31.000000
41331 1.000000 139.000000 62.000000
41333 140.000000 85.000000 92.000000
41335 23.000000 210.000000 250.000000
41337 125.000000 177.000000 247.000000
41351 58.000000 210.000000 165.000000
41353 241.000000 199.000000 131.000000
41355 181.000000 20.000000 159.000000
41357 105.000000 110.000000 224.000000
41533 198.000000 136.000000 50.000000
41537 211.000000 40.000000 5.000000
41711 222.000000 229.000000 184.000000
43110 53.000000 67.000000 185.000000
43111 135.000000 62.000000 198.000000
43112 57.000000 55.000000 221.000000
43113 12.000000 92.000000 91.000000
43115 212.000000 224.000000 21.000000
43116 104.000000 0.000000 7.000000
43117 86.000000 96.000000 60.000000
43131 94.000000 147.000000 37.000000
43133 134.000000 152.000000 236.000000
43135 236.000000 81.000000 64.000000
43171 48.000000 139.000000 32.000000
43173 237.000000 82.000000 212.000000
43175 164.000000 48.000000 92.000000
43177 2.000000 139.000000 21.000000
43232 98.000000 160.000000 34.000000
43233 98.000000 39.000000 118.000000
43236 194.000000 99.000000 94.000000
43237 213.000000 136.000000 180.000000
43272 237.000000 117.000000 146.000000
43273 191.000000 182.000000 153.000000
43276 75.000000 86.000000 134.000000
43277 29.000000 170.000000 182.000000
43311 77.000000 7.000000 164.000000
43313 88.000000 28.000000 201.000000
43315 120.000000 189.000000 203.000000
43317 159.000000 179.000000 173.000000
43322 130.000000 18.000000 16.000000
43323 11.000000 70.000000 82.000000
43326 1.000000 217.000000 41.000000
43327 55.000000 115.000000 23.000000
43331 141.000000 249.000000 214.000000
43332 183.000000 48.000000 161.000000
43333 190.000000 84.000000 190.000000
43335 90.000000 30.000000 139.000000
43336 25.000000 105.000000 227.000000
43337 204.000000 23.000000 219.000000
43362 95.000000 39.000000 250.000000
43363 165.000000 249.000000 125.000000
43366 127.000000 35.000000 137.000000
43367 114.000000 185.000000 10.000000
43372 235.000000 17.000000 65.000000
43373 28.000000 50.000000 78.000000
43376 113.000000 241.000000 6.000000
43377 15.000000 252.000000 68.000000
43533 121.000000 97.000000 158.000000
43633 144.000000 61.000000 55.000000
43711 56.000000 57.000000 132.000000
43715 50.000000 182.000000 227.000000
43722 212.000000 191.000000 9.000000
43723 14.000000 201.000000 9.000000
43726 31.000000 138.000000 123.000000
43727 209.000000 216.000000 231.000000
43732 67.000000 94.000000 131.000000
43733 64.000000 162.000000 116.000000
43736 161.000000 193.000000 132.000000
43737 95.000000 120.000000 253.000000
50200 152.000000 252.000000 14.000000
50202 206.000000 96.000000 70.000000
50203 143.000000 233.000000 247.000000
50204 216.000000 242.000000 204.000000
50206 100.000000 237.000000 219.000000
50220 188.000000 213.000000 122.000000
50221 28.000000 90.000000 76.000000
50222 62.000000 206.000000 15.000000
50223 0.000000 210.000000 80.000000
50224 121.000000 208.000000 113.000000
50226 245.000000 95.000000 208.000000
50227 214.000000 165.000000 232.000000
50262 192.000000 158.000000 184.000000
50263 179.000000 234.000000 199.000000
50266 33.000000 198.000000 32.000000
50267 247.000000 193.000000 132.000000
50272 209.000000 141.000000 66.000000
50422 32.000000 157.000000 221.000000
50426 243.000000 109.000000 28.000000
50462 68.000000 94.000000 156.000000
50622 35.000000 48.000000 149.000000
50623 201.000000 152.000000 11.000000
50626 231.000000 208.000000 225.000000
50627 210.000000 24.000000 34.000000
50640 26.000000 57.000000 213.000000
50642 91.000000 189.000000 119.000000
50646 104.000000 127.000000 238.000000
50662 6.000000 220.000000 192.000000
50663 242.000000 121.000000 96.000000
50664 82.000000 22.000000 211.000000
50666 2.000000 43.000000 152.000000
52000 26.000000 54.000000 187.000000
52001 235.000000 152.000000 5.000000
52003 4.000000 186.000000 236.000000
52004 61.000000 17.000000 64.000000
52005 123.000000 136.000000 217.000000
52006 250.000000 119.000000 180.000000
52007 216.000000 183.000000 29.000000
52010 209.000000 151.000000 163.000000
52014 231.000000 108.000000 150.000000
52016 146.000000 5.000000 104.000000
52020 72.000000 64.000000 106.000000
52021 224.000000 70.000000 5.000000
52022 28.000000 178.000000 240.000000
52023 45.000000 114.000000 116.000000
52024 53.000000 203.000000 50.000000
52025 172.000000 128.000000 173.000000
52026 227.000000 158.000000 40.000000
52027 123.000000 66.000000 128.000000
52040 231.000000 88.000000 82.000000
52041 108.000000 193.000000 185.000000
52042 173.000000 171.000000 76.000000
52043 115.000000 176.000000 149.000000
52044 38.000000 33.000000 245.000000
52045 153.000000 22.000000 18.000000
52050 228.000000 72.000000 190.000000
52200 102.000000 245.000000 243.000000
52201 132.000000 30.000000 32.000000
52202 70.000000 31.000000 4.000000
52204 158.000000 113.000000 128.000000
52206 223.000000 171.000000 231.000000
52220 12.000000 247.000000 212.000000
52222 60.000000 13.000000 130.000000
52223 94.000000 131.000000 117.000000
52224 116.000000 149.000000 155.000000
52226 60.000000 212.000000 180.000000
52227 50.000000 200.000000 154.000000
52232 207.000000 105.000000 128.000000
52233 110.000000 109.000000 5.000000
52236 224.000000 109.000000 75.000000
52237 140.000000 213.000000 105.000000
52262 4.000000 170.000000 74.000000
52263 145.000000 172.000000 213.000000
52266 21.000000 34.000000 18.000000
52267 170.000000 61.000000 239.000000
52272 254.000000 242.000000 227.000000
52273 200.000000 13.000000 32.000000
52276 50.000000 141.000000 209.000000
52277 31.000000 18.000000 34.000000
52322 13.000000 220.000000 144.000000
52323 226.000000 197.000000 240.000000
52326 141.000000 143.000000 252.000000
52327 185.000000 101.000000 2.000000
52362 219.000000 120.000000 147.000000
52363 25.000000 104.000000 168.000000
52366 139.000000 204.000000 210.000000
52367 152.000000 236.000000 210.000000
52400 165.000000 191.000000 27.000000
52401 55.000000 225.000000 204.000000
52404 147.000000 241.000000 107.000000
52405 90.000000 227.000000 120.000000
52440 233.000000 224.000000 218.000000
52441 80.000000 98.000000 231.000000
52444 72.000000 117.000000 161.000000
52446 48.000000 30.000000 125.000000
52460 252.000000 113.000000 23.000000
52462 106.000000 195.000000 162.000000
52464 42.000000 94.000000 187.000000
52466 139.000000 43.000000 224.000000
52604 125.000000 22.000000 25.000000
52606 224.000000 143.000000 172.000000
52622 194.000000 106.000000 134.000000
52623 164.000000 83.000000 113.000000
52626 27.000000 116.000000 65.000000
52627 57.000000 242.000000 137.000000
52632 42.000000 137.000000 57.000000
52633 109.000000 44.000000 55.000000
52636 203.000000 103.000000 161.000000
52637 246.000000 73.000000 75.000000
52640 141.000000 225.000000 86.000000
52642 29.000000 14.000000 83.000000
52722 7.000000 149.000000 53.000000
61010 217.000000 7.000000 119.000000
61014 79.000000 199.000000 28.000000
61050 193.000000 81.000000 55.000000
61054 202.000000 10.000000 240.000000
61055 246.000000 65.000000 27.000000
61411 222.000000 98.000000 137.000000
61500 40.000000 173.000000 212.000000
61504 137.000000 4.000000 76.000000
61505 151.000000 88.000000 217.000000
61514 45.000000 141.000000 246.000000
61515 179.000000 132.000000 125.000000
70101 250.000000 160.000000 88.000000
70105 203.000000 216.000000 39.000000
70141 214.000000 73.000000 104.000000
70144 24.000000 100.000000 51.000000
70145 123.000000 109.000000 169.000000
70404 168.000000 67.000000 136.000000
70405 173.000000 143.000000 48.000000
70411 133.000000 232.000000 185.000000
70414 146.000000 223.000000 209.000000
70415 23.000000 220.000000 126.000000
70500 183.000000 53.000000 178.000000
